4295579340 9703 4 307
4295579353 0 0 0
4295579366 0 0 0
4295579379 0 0 0
4295579392 0 0 0
4295579405 0 0 0
4295579418 0 0 0
4295579431 0 0 0
4295579444 0 0 0
4295579457 0 0 0
4295579470 0 0 0
4295579483 0 0 0
4295579496 0 0 0
4295579509 0 0 0
4295579522 0 0 0
4295579535 0 0 0
4295579548 0 0 0
4295579561 0 0 0
4295579574 0 0 0
4295579587 7424 0 307
4295579600 0 0 0
4295579613 0 0 0
4295579626 0 0 0
4295579639 0 0 0
4295579652 0 0 0
4295579665 0 0 0
4295579678 0 0 0
4295579691 0 0 0
4295579704 0 0 0
4295579717 0 0 0
4295579730 0 0 0
4295579743 0 0 0
4295579756 0 0 0
4295579769 0 0 0
4295579782 0 0 0
4295579795 0 0 0
4295579808 0 0 0
4295579821 0 0 0
4295579834 0 0 0
4295579847 6047 0 153
4295579860 0 0 0
4295579873 0 0 0
4295579886 0 0 0
4295579899 0 0 0
4295579912 0 0 0
4295579925 0 0 0
4295579938 0 0 0
4295579951 0 0 0
4295579964 0 0 0
4295579977 0 0 0
4295579990 0 0 0
4295580003 0 0 0
4295580016 0 0 0
4295580029 0 0 0
4295580042 0 0 0
4295580055 0 0 0
4295580068 0 0 0
4295580081 0 0 0
4295580094 5055 0 230
4295580107 0 0 0
4295580120 0 0 0
4295580133 0 0 0
4295580146 0 0 0
4295580159 0 0 0
4295580172 0 0 0
4295580185 0 0 0
4295580198 0 0 0
4295580211 0 0 0
4295580224 0 0 0
4295580237 0 0 0
4295580250 0 0 0
4295580263 0 0 0
4295580276 0 0 0
4295580289 0 0 0
4295580302 0 0 0
4295580315 0 0 0
4295580328 0 0 0
4295580341 2197 0 76
4295580354 1903 0 0
4295580367 0 0 0
4295580380 0 0 0
4295580393 0 0 0
4295580406 0 0 0
4295580419 0 0 0
4295580432 0 0 0
4295580445 0 0 0
4295580458 0 0 0
4295580471 0 0 0
4295580484 0 0 0
4295580497 0 0 0
4295580510 0 0 0
4295580523 0 0 0
4295580536 0 0 0
4295580549 0 0 0
4295580562 0 0 0
4295580575 0 0 0
4295580588 0 0 0
4295580601 3438 0 153
4295580614 0 0 0
4295580627 0 0 0
4295580640 0 0 0
4295580653 0 0 0
4295580666 0 0 0
4295580679 0 0 0
4295580692 0 0 0
4295580705 0 0 0
4295580718 0 0 0
4295580731 0 0 0
4295580744 0 0 0
4295580757 0 0 0
4295580770 0 0 0
4295580783 0 0 0
4295580796 0 0 0
4295580809 0 0 0
4295580822 0 0 0
4295580835 0 0 0
4295580848 2807 0 76
4295580861 0 0 0
4295580874 0 0 0
4295580887 0 0 0
4295580900 0 0 0
4295580913 0 0 0
4295580926 0 0 0
4295580939 0 0 0
4295580952 0 0 0
4295580965 0 0 0
4295580978 0 0 0
4295580991 0 0 0
4295581004 0 0 0
4295581017 0 0 0
4295581030 0 0 0
4295581043 0 0 0
4295581056 0 0 0
4295581069 0 0 0
4295581082 0 0 0
4295581095 121 0 76
4295581108 2194 0 76
4295581121 0 0 0
4295581134 0 0 0
4295581147 0 0 0
4295581160 0 0 0
4295581173 0 0 0
4295581186 0 0 0
4295581199 0 0 0
4295581212 0 0 0
4295581225 0 0 0
4295581238 0 0 0
4295581251 0 0 0
4295581264 0 0 0
4295581277 0 0 0
4295581290 0 0 0
4295581303 0 0 0
4295581316 0 0 0
4295581329 0 0 0
4295581342 0 0 0
4295581355 1874 0 76
4295581368 0 0 0
4295581381 0 0 0
4295581394 0 0 0
4295581407 0 0 0
4295581420 0 0 0
4295581433 0 0 0
4295581446 0 0 0
4295581459 0 0 0
4295581472 0 0 0
4295581485 0 0 0
4295581498 0 0 0
4295581511 0 0 0
4295581524 0 0 0
4295581537 0 0 0
4295581550 0 0 0
4295581563 0 0 0
4295581576 0 0 0
4295581589 0 0 0
4295581602 1602 0 76
4295581615 0 0 0
4295581628 0 0 0
4295581641 0 0 0
4295581654 0 0 0
4295581667 0 0 0
4295581680 0 0 0
4295581693 0 0 0
4295581706 0 0 0
4295581719 0 0 0
4295581732 0 0 0
4295581745 0 0 0
4295581758 0 0 0
4295581771 0 0 0
4295581784 0 0 0
4295581797 0 0 0
4295581810 0 0 0
4295581823 0 0 0
4295581836 0 0 0
4295581849 0 0 0
4295581862 1252 0 76
4295581875 0 0 0
4295581888 0 0 0
4295581901 0 0 0
4295581914 0 0 0
4295581927 0 0 0
4295581940 0 0 0
4295581953 0 0 0
4295581966 0 0 0
4295581979 0 0 0
4295581992 0 0 0
4295582005 0 0 0
4295582018 0 0 0
4295582031 0 0 0
4295582044 0 0 0
4295582057 0 0 0
4295582070 0 0 0
4295582083 0 0 0
4295582096 0 0 0
4295582109 982 0 76
4295582122 0 0 0
4295582135 0 0 0
4295582148 0 0 0
4295582161 0 0 0
4295582174 0 0 0
4295582187 0 0 0
4295582200 0 0 0
4295582213 0 0 0
4295582226 0 0 0
4295582239 0 0 0
4295582252 0 0 0
4295582265 0 0 0
4295582278 0 0 0
4295582291 0 0 0
4295582304 0 0 0
4295582317 0 0 0
4295582330 0 0 0
4295582343 0 0 0
4295582356 897 0 0
4295582369 0 0 0
4295582382 0 0 0
4295582395 0 0 0
4295582408 0 0 0
4295582421 0 0 0
4295582434 0 0 0
4295582447 0 0 0
4295582460 0 0 0
4295582473 0 0 0
4295582486 0 0 0
4295582499 0 0 0
4295582512 0 0 0
4295582525 0 0 0
4295582538 0 0 0
4295582551 0 0 0
4295582564 0 0 0
4295582577 0 0 0
4295582590 0 0 0
4295582603 721 0 0
4295582616 0 0 0
4295582629 0 0 0
4295582642 0 0 0
4295582655 0 0 0
4295582668 0 0 0
4295582681 0 0 0
4295582694 0 0 0
4295582707 0 0 0
4295582720 0 0 0
4295582733 0 0 0
4295582746 0 0 0
4295582759 0 0 0
4295582772 0 0 0
4295582785 0 0 0
4295582798 0 0 0
4295582811 0 0 0
4295582824 0 0 0
4295582837 0 0 0
4295582850 0 0 0
4295582863 621 0 76
4295582876 0 0 0
4295582889 0 0 0
4295582902 0 0 0
4295582915 0 0 0
4295582928 0 0 0
4295582941 0 0 0
4295582954 0 0 0
4295582967 0 0 0
4295582980 0 0 0
4295582993 0 0 0
4295583006 0 0 0
4295583019 0 0 0
4295583032 0 0 0
4295583045 0 0 0
4295583058 0 0 0
4295583071 0 0 0
4295583084 0 0 0
4295583097 0 0 0
4295583110 481 0 0
4295583123 0 0 0
4295583136 0 0 0
4295583149 0 0 0
4295583162 0 0 0
4295583175 0 0 0
4295583188 0 0 0
4295583201 0 0 0
4295583214 0 0 0
4295583227 0 0 0
4295583240 0 0 0
4295583253 0 0 0
4295583266 0 0 0
4295583279 0 0 0
4295583292 0 0 0
4295583305 0 0 0
4295583318 0 0 0
4295583331 0 0 0
4295583344 0 0 0
4295583357 398 0 76
4295583370 0 0 0
4295583383 0 0 0
4295583396 0 0 0
4295583409 0 0 0
4295583422 0 0 0
4295583435 0 0 0
4295583448 0 0 0
4295583461 0 0 0
4295583474 0 0 0
4295583487 0 0 0
4295583500 0 0 0
4295583513 0 0 0
4295583526 0 0 0
4295583539 0 0 0
4295583552 0 0 0
4295583565 0 0 0
4295583578 0 0 0
4295583591 0 0 0
4295583604 0 0 0
4295583617 347 0 76
4295583630 0 0 0
4295583643 0 0 0
4295583656 0 0 0
4295583669 0 0 0
4295583682 0 0 0
4295583695 0 0 0
4295583708 0 0 0
4295583721 0 0 0
4295583734 0 0 0
4295583747 0 0 0
4295583760 0 0 0
4295583773 0 0 0
4295583786 0 0 0
4295583799 0 0 0
4295583812 0 0 0
4295583825 0 0 0
4295583838 0 0 0
4295583851 0 0 0
4295583864 249 0 0
4295583877 0 0 0
4295583890 0 0 0
4295583903 0 0 0
4295583916 0 0 0
4295583929 0 0 0
4295583942 0 0 0
4295583955 0 0 0
4295583968 0 0 0
4295583981 0 0 0
4295583994 0 0 0
4295584007 0 0 0
4295584020 0 0 0
4295584033 0 0 0
4295584046 0 0 0
4295584059 0 0 0
4295584072 0 0 0
4295584085 0 0 0
4295584098 0 0 0
4295584111 237 0 0
4295584124 0 0 0
4295584137 0 0 0
4295584150 0 0 0
4295584163 0 0 0
4295584176 0 0 0
4295584189 0 0 0
4295584202 0 0 0
4295584215 0 0 0
4295584228 0 0 0
4295584241 0 0 0
4295584254 0 0 0
4295584267 0 0 0
4295584280 0 0 0
4295584293 0 0 0
4295584306 0 0 0
4295584319 0 0 0
4295584332 0 0 0
4295584345 0 0 0
4295584358 0 0 230
read 387 profiled data
