4298095629 19396 3 749
4298095642 0 0 0
4298095655 0 0 0
4298095668 0 0 0
4298095681 0 0 0
4298095694 0 0 0
4298095707 0 0 0
4298095720 0 0 0
4298095733 0 0 0
4298095746 0 0 0
4298095759 0 0 0
4298095772 0 0 0
4298095785 0 0 0
4298095798 0 0 0
4298095811 0 0 0
4298095824 0 0 0
4298095837 0 0 0
4298095850 0 0 0
4298095863 0 0 0
4298095876 936 0 76
4298095889 13912 0 537
4298095902 0 0 0
4298095915 0 0 0
4298095928 0 0 0
4298095941 0 0 0
4298095954 0 0 0
4298095967 0 0 0
4298095980 0 0 0
4298095993 0 0 0
4298096007 0 0 0
4298096020 0 0 0
4298096033 0 0 0
4298096047 0 0 0
4298096060 0 0 0
4298096073 0 0 0
4298096086 0 0 0
4298096099 0 0 0
4298096112 0 0 0
4298096125 0 0 0
4298096138 7748 0 383
4298096151 4346 0 153
4298096164 0 0 0
4298096177 0 0 0
4298096190 0 0 0
4298096203 0 0 0
4298096216 0 0 0
4298096229 0 0 0
4298096242 0 0 0
4298096255 0 0 0
4298096268 0 0 0
4298096281 0 0 0
4298096294 0 0 0
4298096307 0 0 0
4298096320 0 0 0
4298096333 0 0 0
4298096346 0 0 0
4298096359 0 0 0
4298096372 0 0 0
4298096385 0 0 0
4298096398 10110 0 460
4298096411 0 0 0
4298096424 0 0 0
4298096437 0 0 0
4298096450 0 0 0
4298096463 0 0 0
4298096476 0 0 0
4298096489 0 0 0
4298096502 0 0 0
4298096515 0 0 0
4298096528 0 0 0
4298096541 0 0 0
4298096554 0 0 0
4298096567 0 0 0
4298096580 0 0 0
4298096593 0 0 0
4298096606 0 0 0
4298096619 0 0 0
4298096632 0 0 0
4298096645 899 0 76
4298096658 7301 0 306
4298096671 0 0 0
4298096684 0 0 0
4298096697 0 0 0
4298096710 0 0 0
4298096723 0 0 0
4298096736 0 0 0
4298096749 0 0 0
4298096762 0 0 0
4298096775 0 0 0
4298096788 0 0 0
4298096801 0 0 0
4298096814 0 0 0
4298096827 0 0 0
4298096840 0 0 0
4298096853 0 0 0
4298096866 0 0 0
4298096879 0 0 0
4298096892 0 0 0
4298096905 6876 0 229
4298096918 0 0 0
4298096931 0 0 0
4298096944 0 0 0
4298096957 0 0 0
4298096970 0 0 0
4298096983 0 0 0
4298096996 0 0 0
4298097009 0 0 0
4298097022 0 0 0
4298097035 0 0 0
4298097048 0 0 0
4298097061 0 0 0
4298097074 0 0 0
4298097087 0 0 0
4298097100 0 0 0
4298097113 0 0 0
4298097126 0 0 0
4298097139 0 0 0
4298097152 0 0 0
4298097165 5614 0 229
4298097178 0 0 0
4298097191 0 0 0
4298097204 0 0 0
4298097217 0 0 0
4298097230 0 0 0
4298097243 0 0 0
4298097256 0 0 0
4298097269 0 0 0
4298097282 0 0 0
4298097295 0 0 0
4298097308 0 0 0
4298097321 0 0 0
4298097334 0 0 0
4298097347 0 0 0
4298097360 0 0 0
4298097373 0 0 0
4298097386 0 0 0
4298097399 0 0 0
4298097412 4630 0 229
4298097425 0 0 0
4298097438 0 0 0
4298097451 0 0 0
4298097464 0 0 0
4298097477 0 0 0
4298097490 0 0 0
4298097503 0 0 0
4298097516 0 0 0
4298097529 0 0 0
4298097542 0 0 0
4298097555 0 0 0
4298097568 0 0 0
4298097581 0 0 0
4298097594 0 0 0
4298097607 0 0 0
4298097620 0 0 0
4298097633 0 0 0
4298097646 0 0 0
4298097659 1174 0 76
4298097672 2574 0 76
4298097685 0 0 0
4298097698 0 0 0
4298097711 0 0 0
4298097724 0 0 0
4298097737 0 0 0
4298097750 0 0 0
4298097763 0 0 0
4298097776 0 0 0
4298097789 0 0 0
4298097802 0 0 0
4298097815 0 0 0
4298097828 0 0 0
4298097841 0 0 0
4298097854 0 0 0
4298097867 0 0 0
4298097880 0 0 0
4298097893 0 0 0
4298097906 0 0 0
4298097919 3204 0 153
4298097932 0 0 0
4298097945 0 0 0
4298097958 0 0 0
4298097971 0 0 0
4298097984 0 0 0
4298097997 0 0 0
4298098010 0 0 0
4298098023 0 0 0
4298098036 0 0 0
4298098049 0 0 0
4298098062 0 0 0
4298098075 0 0 0
4298098088 0 0 0
4298098101 0 0 0
4298098114 0 0 0
4298098127 0 0 0
4298098140 0 0 0
4298098153 0 0 0
4298098166 2504 0 76
4298098179 0 0 0
4298098192 0 0 0
4298098205 0 0 0
4298098218 0 0 0
4298098231 0 0 0
4298098244 0 0 0
4298098257 0 0 0
4298098270 0 0 0
4298098283 0 0 0
4298098296 0 0 0
4298098309 0 0 0
4298098322 0 0 0
4298098335 0 0 0
4298098348 0 0 0
4298098361 0 0 0
4298098374 0 0 0
4298098387 0 0 0
4298098400 0 0 0
4298098413 198 0 76
4298098426 1766 0 76
4298098439 0 0 0
4298098452 0 0 0
4298098465 0 0 0
4298098478 0 0 0
4298098491 0 0 0
4298098504 0 0 0
4298098517 0 0 0
4298098530 0 0 0
4298098543 0 0 0
4298098556 0 0 0
4298098569 0 0 0
4298098582 0 0 0
4298098595 0 0 0
4298098608 0 0 0
4298098621 0 0 0
4298098634 0 0 0
4298098647 0 0 0
4298098660 0 0 0
4298098673 1794 0 152
4298098686 0 0 0
4298098699 0 0 0
4298098712 0 0 0
4298098725 0 0 0
4298098738 0 0 0
4298098751 0 0 0
4298098764 0 0 0
4298098777 0 0 0
4298098790 0 0 0
4298098803 0 0 0
4298098816 0 0 0
4298098829 0 0 0
4298098842 0 0 0
4298098855 0 0 0
4298098868 0 0 0
4298098881 0 0 0
4298098894 0 0 0
4298098907 0 0 0
4298098920 1442 0 0
4298098933 0 0 0
4298098946 0 0 0
4298098959 0 0 0
4298098972 0 0 0
4298098985 0 0 0
4298098998 0 0 0
4298099011 0 0 0
4298099024 0 0 0
4298099037 0 0 0
4298099050 0 0 0
4298099063 0 0 0
4298099076 0 0 0
4298099089 0 0 0
4298099102 0 0 0
4298099115 0 0 0
4298099128 0 0 0
4298099141 0 0 0
4298099154 0 0 0
4298099167 1242 0 152
4298099180 0 0 0
4298099193 0 0 0
4298099206 0 0 0
4298099219 0 0 0
4298099232 0 0 0
4298099245 0 0 0
4298099258 0 0 0
4298099271 0 0 0
4298099284 0 0 0
4298099297 0 0 0
4298099310 0 0 0
4298099323 0 0 0
4298099336 0 0 0
4298099349 0 0 0
4298099362 0 0 0
4298099375 0 0 0
4298099388 0 0 0
4298099401 0 0 0
4298099414 0 0 0
4298099427 962 0 76
4298099440 0 0 0
4298099453 0 0 0
4298099466 0 0 0
4298099479 0 0 0
4298099492 0 0 0
4298099505 0 0 0
4298099518 0 0 0
4298099531 0 0 0
4298099544 0 0 0
4298099557 0 0 0
4298099570 0 0 0
4298099583 0 0 0
4298099596 0 0 0
4298099609 0 0 0
4298099622 0 0 0
4298099635 0 0 0
4298099648 0 0 0
4298099661 0 0 0
4298099674 796 0 76
4298099687 0 0 0
4298099700 0 0 0
4298099713 0 0 0
4298099726 0 0 0
4298099739 0 0 0
4298099752 0 0 0
4298099765 0 0 0
4298099778 0 0 0
4298099791 0 0 0
4298099804 0 0 0
4298099817 0 0 0
4298099830 0 0 0
4298099843 0 0 0
4298099856 0 0 0
4298099869 0 0 0
4298099882 0 0 0
4298099895 0 0 0
4298099908 0 0 0
4298099921 694 0 76
4298099934 0 0 0
4298099947 0 0 0
4298099960 0 0 0
4298099973 0 0 0
4298099986 0 0 0
4298099999 0 0 0
4298100012 0 0 0
4298100025 0 0 0
4298100038 0 0 0
4298100051 0 0 0
4298100064 0 0 0
4298100077 0 0 0
4298100090 0 0 0
4298100103 0 0 0
4298100116 0 0 0
4298100129 0 0 0
4298100142 0 0 0
4298100155 0 0 0
4298100168 281 0 76
4298100181 217 0 0
4298100194 0 0 0
4298100207 0 0 0
4298100220 0 0 0
4298100233 0 0 0
4298100246 0 0 0
4298100259 0 0 0
4298100272 0 0 0
4298100285 0 0 0
4298100298 0 0 0
4298100311 0 0 0
4298100324 0 0 0
4298100337 0 0 0
4298100350 0 0 0
4298100363 0 0 0
4298100376 0 0 0
4298100389 0 0 0
4298100402 0 0 0
4298100415 0 0 0
4298100428 474 0 0
4298100441 0 0 0
4298100454 0 0 0
4298100467 0 0 0
4298100480 0 0 0
4298100493 0 0 0
4298100506 0 0 0
4298100519 0 0 0
4298100532 0 0 0
4298100545 0 0 0
4298100558 0 0 0
4298100571 0 0 0
4298100584 0 0 0
4298100597 0 0 0
4298100610 0 0 0
4298100623 0 0 0
4298100636 0 0 0
4298100649 0 0 0
4298100662 0 0 0
read 388 profiled data
