4295637106 44811 6 1024
4295637119 23152 0 610
4295637132 0 0 0
4295637145 0 0 0
4295637158 0 0 0
4295637171 0 0 0
4295637184 0 0 0
4295637197 0 0 0
4295637210 0 0 0
4295637223 0 0 0
4295637236 0 0 0
4295637249 0 0 0
4295637262 0 0 0
4295637275 0 0 0
4295637288 0 0 0
4295637301 0 0 0
4295637314 0 0 0
4295637327 0 0 0
4295637340 0 0 0
4295637353 0 0 0
4295637366 10315 0 304
4295637379 32388 0 994
4295637392 9265 0 228
4295637405 0 0 0
4295637418 0 0 0
4295637431 0 0 0
4295637444 0 0 0
4295637457 0 0 0
4295637470 0 0 0
4295637483 0 0 0
4295637496 0 0 0
4295637509 0 0 0
4295637522 0 0 0
4295637535 0 0 0
4295637548 0 0 0
4295637561 0 0 0
4295637574 0 0 0
4295637587 0 0 0
4295637600 0 0 0
4295637613 0 0 0
4295637626 414 0 76
4295637639 29106 0 917
4295637652 12809 0 304
4295637665 0 0 0
4295637678 0 0 0
4295637691 0 0 0
4295637704 0 0 0
4295637717 0 0 0
4295637730 0 0 0
4295637743 0 0 0
4295637756 0 0 0
4295637769 0 0 0
4295637782 0 0 0
4295637795 0 0 0
4295637808 0 0 0
4295637821 0 0 0
4295637834 0 0 0
4295637847 0 0 0
4295637860 0 0 0
4295637873 0 0 0
4295637886 10110 0 229
4295637899 15376 0 534
4295637912 9899 0 228
4295637925 0 0 0
4295637938 0 0 0
4295637951 0 0 0
4295637964 0 0 0
4295637977 0 0 0
4295637990 0 0 0
4295638003 0 0 0
4295638016 0 0 0
4295638029 0 0 0
4295638042 0 0 0
4295638055 0 0 0
4295638068 0 0 0
4295638081 0 0 0
4295638094 0 0 0
4295638107 0 0 0
4295638120 0 0 0
4295638133 0 0 0
4295638146 8200 0 152
4295638159 12774 0 381
4295638172 5078 6 76
4295638185 2894 68 153
4295638198 0 0 0
4295638211 0 0 0
4295638224 0 0 0
4295638237 0 0 0
4295638250 0 0 0
4295638263 0 0 0
4295638276 0 0 0
4295638289 0 0 0
4295638302 0 0 0
4295638315 0 0 0
4295638328 0 0 0
4295638341 0 0 0
4295638354 0 0 0
4295638367 0 0 0
4295638380 0 0 0
4295638393 2511 197 230
4295638406 3174 173 152
4295638419 3400 278 76
4295638432 2613 329 152
4295638445 2834 493 382
4295638458 1874 275 76
4295638471 959 163 153
4295638484 257 47 0
4295638497 59 12 0
4295638510 418 94 76
4295638523 2487 338 152
4295638537 2296 426 71
4295638549 1763 304 83
4295638562 558 128 153
4295638575 1311 201 0
4295638588 0 0 0
4295638601 0 0 0
4295638614 0 0 0
4295638627 0 0 0
4295638640 0 0 0
4295638653 273 159 76
4295638666 1058 394 153
4295638679 689 187 230
4295638692 890 192 76
4295638705 1657 537 76
4295638718 855 304 76
4295638731 1168 344 76
4295638744 827 234 0
4295638757 102 28 0
4295638770 1906 436 152
4295638783 1264 226 76
4295638796 180 40 0
4295638809 494 203 229
4295638822 1123 354 0
4295638835 993 331 76
4295638848 1069 362 76
4295638861 676 279 152
4295638874 1258 405 153
4295638887 1369 473 230
4295638900 118 44 0
4295638913 592 173 76
4295638926 1060 250 76
4295638939 1108 320 0
4295638952 201 58 0
4295638965 973 268 305
4295638978 180 74 76
4295638991 373 150 76
4295639004 1251 448 76
4295639017 231 127 0
4295639030 155 73 0
4295639043 619 261 229
4295639056 428 183 0
4295639069 731 268 152
4295639082 342 95 76
4295639095 153 62 0
4295639108 140 73 76
4295639121 778 323 76
4295639134 310 115 0
4295639147 540 217 76
4295639160 1195 453 76
4295639173 371 143 76
4295639186 890 410 76
4295639199 984 427 76
4295639212 505 231 0
4295639225 1179 545 76
4295639238 365 180 0
4295639251 901 380 229
4295639264 927 430 229
4295639277 1491 784 228
4295639290 684 298 229
4295639303 737 386 152
4295639316 824 385 0
4295639329 621 312 76
4295639342 703 362 152
4295639355 738 396 229
4295639368 663 336 76
4295639381 979 527 228
4295639395 532 270 71
4295639407 1121 532 166
4295639420 702 355 0
4295639433 1016 465 76
4295639446 609 328 76
4295639459 695 459 306
4295639472 396 237 76
4295639485 944 466 229
4295639498 551 281 0
4295639511 306 208 230
4295639524 455 300 230
4295639537 514 318 153
4295639550 668 387 152
4295639563 385 245 76
4295639576 572 429 229
4295639589 698 379 153
4295639602 91 53 0
4295639615 267 246 76
4295639628 534 424 0
4295639641 245 210 153
4295639654 499 370 382
4295639667 594 522 228
4295639680 386 270 152
4295639693 671 482 382
4295639706 651 463 152
4295639719 614 389 305
4295639732 815 561 305
4295639745 621 457 229
4295639758 625 411 152
4295639771 792 502 76
4295639784 716 438 229
4295639797 831 539 76
4295639810 863 608 153
4295639823 328 246 152
4295639836 773 504 76
4295639849 640 435 76
4295639862 705 516 152
4295639875 749 518 153
4295639888 513 360 76
4295639901 746 503 229
4295639914 687 397 0
4295639927 778 534 152
4295639940 766 481 306
4295639953 300 219 0
4295639966 609 454 152
4295639979 704 489 76
4295639992 584 345 152
4295640005 840 526 305
4295640018 667 416 229
4295640031 406 277 230
4295640044 588 333 76
4295640057 222 190 76
4295640070 408 345 76
4295640083 546 328 76
4295640096 312 252 230
4295640109 380 257 76
4295640122 388 276 76
4295640135 132 142 76
4295640148 285 272 0
4295640161 349 328 76
4295640174 351 296 0
4295640187 305 316 76
4295640200 497 391 76
4295640213 230 214 229
4295640226 345 270 153
4295640239 539 406 76
4295640252 274 241 0
4295640265 330 332 228
4295640278 481 403 229
4295640291 369 278 229
4295640304 681 468 152
4295640317 172 145 0
4295640330 557 461 0
4295640343 384 293 152
4295640356 364 285 76
4295640369 619 507 228
4295640382 717 477 152
4295640395 523 380 0
4295640408 393 260 76
4295640421 236 190 0
4295640434 383 313 76
4295640447 316 263 0
4295640460 417 393 0
4295640473 349 319 229
4295640486 264 218 76
4295640499 72 53 0
4295640512 282 268 0
4295640525 393 353 76
4295640538 189 170 0
4295640551 487 351 305
4295640564 330 326 153
4295640577 394 334 152
4295640590 622 499 228
4295640603 217 175 229
4295640616 557 418 76
4295640629 86 69 0
4295640642 201 170 228
4295640655 462 377 152
4295640668 161 154 0
4295640681 438 359 76
4295640694 206 208 76
4295640707 486 435 153
4295640720 31 30 0
4295640733 528 440 228
4295640746 41 43 0
4295640759 164 148 76
4295640772 335 313 153
4295640785 280 229 152
4295640798 143 111 0
4295640811 275 200 152
4295640824 495 414 76
4295640837 68 47 0
4295640850 295 284 152
4295640863 171 133 76
4295640876 453 348 152
4295640889 190 158 0
4295640902 301 245 0
4295640915 240 206 0
4295640928 243 204 0
4295640941 294 241 304
4295640954 89 75 76
4295640967 434 405 229
4295640980 139 125 0
4295640993 452 416 76
4295641006 120 79 0
4295641019 240 228 0
4295641032 181 129 152
4295641045 182 176 153
4295641058 136 170 152
4295641071 362 304 0
4295641084 79 78 0
4295641097 124 133 0
4295641110 244 205 0
4295641123 341 308 0
4295641136 108 98 0
4295641149 230 193 0
4295641162 234 260 76
4295641175 80 83 0
4295641188 302 252 0
4295641201 101 103 76
4295641214 293 263 152
4295641227 58 66 0
4295641240 205 209 76
4295641253 456 427 382
4295641266 151 136 0
4295641279 132 120 76
4295641292 197 168 76
4295641305 222 244 0
4295641318 259 269 76
4295641331 18 20 0
4295641344 196 191 0
4295641357 385 357 152
4295641370 236 228 76
4295641383 191 167 76
4295641396 448 339 152
4295641409 49 53 0
4295641422 333 294 152
4295641435 155 149 0
4295641448 480 438 0
4295641461 111 105 0
4295641474 242 200 152
4295641487 296 239 0
4295641500 112 143 76
4295641513 251 225 76
4295641526 216 186 76
4295641539 183 192 76
4295641552 54 67 0
4295641565 202 219 0
4295641578 195 189 0
4295641591 332 290 152
4295641604 53 50 0
4295641617 231 235 229
4295641630 358 359 152
4295641643 336 309 0
4295641656 19 26 0
4295641669 206 193 305
4295641682 294 251 76
4295641695 418 384 152
4295641708 59 58 0
4295641721 41 36 0
4295641734 272 252 76
4295641747 92 93 0
4295641760 298 270 152
4295641773 110 114 0
4295641786 312 339 76
4295641799 83 65 0
4295641812 317 315 0
4295641825 360 304 152
4295641838 418 415 229
4295641851 46 58 0
4295641864 170 166 152
4295641877 207 178 0
4295641890 43 43 0
4295641903 238 265 76
4295641916 113 133 0
4295641929 209 250 229
4295641942 66 65 0
4295641955 205 206 0
4295641968 136 137 0
4295641981 111 96 152
4295641994 27 34 0
4295642007 133 138 153
4295642020 126 148 0
4295642033 237 243 0
4295642046 119 109 0
4295642059 260 248 76
4295642072 181 172 76
4295642085 110 113 152
4295642098 176 185 76
4295642111 200 201 0
4295642124 186 181 0
4295642137 80 68 0
4295642150 56 64 0
4295642163 72 75 76
4295642176 163 183 0
4295642189 190 194 0
4295642202 111 115 0
4295642215 55 62 76
4295642228 161 172 152
4295642241 138 180 152
4295642254 225 274 0
4295642267 25 33 0
4295642280 195 201 76
4295642293 57 56 76
4295642306 154 151 0
4295642319 176 216 76
4295642332 241 233 76
4295642345 122 98 0
4295642358 175 179 229
4295642371 152 149 152
4295642384 131 104 0
4295642397 276 271 305
4295642410 290 296 0
4295642423 264 279 0
4295642436 35 41 0
4295642449 54 66 0
4295642462 304 290 0
4295642475 264 287 152
4295642488 174 177 76
4295642501 30 31 0
4295642514 151 154 76
4295642527 288 294 228
4295642540 219 191 0
4295642553 96 80 0
4295642566 10 22 0
4295642579 137 175 76
4295642592 137 118 0
4295642605 140 145 0
4295642618 69 73 76
4295642631 207 200 153
4295642644 90 90 0
4295642657 161 198 76
4295642670 121 132 0
4295642683 181 190 0
4295642696 46 47 0
4295642709 155 199 0
4295642722 288 289 76
4295642735 245 280 0
4295642748 27 21 0
4295642761 42 51 76
4295642774 200 242 0
4295642787 315 318 228
4295642800 29 33 0
4295642813 62 72 0
4295642826 177 229 152
4295642839 263 270 152
4295642852 18 18 0
4295642865 36 75 0
4295642878 139 196 152
4295642891 223 220 0
4295642904 206 219 76
4295642917 32 33 0
4295642930 16 26 0
4295642943 78 83 0
4295642956 91 108 0
4295642969 182 252 76
4295642982 20 35 0
4295642995 227 240 0
4295643008 225 243 152
4295643021 228 265 76
4295643034 16 18 0
4295643047 7 25 0
4295643060 193 196 152
4295643073 285 322 76
4295643086 113 136 152
4295643099 134 193 76
4295643112 112 113 76
4295643125 26 29 0
4295643138 142 144 0
4295643151 224 273 76
4295643164 174 209 0
4295643177 25 50 0
4295643190 189 214 152
4295643203 136 160 76
4295643216 181 209 76
4295643229 12 16 0
4295643242 174 187 76
4295643255 128 166 76
4295643268 54 59 0
4295643281 36 50 0
4295643294 146 219 152
4295643307 228 256 153
4295643320 200 229 0
4295643333 47 48 0
4295643346 44 44 0
4295643359 72 121 0
4295643372 64 64 0
4295643385 136 166 0
4295643398 96 121 0
4295643411 11 19 0
4295643424 177 219 76
4295643437 226 264 228
4295643450 61 70 0
4295643463 83 125 0
4295643476 72 113 76
4295643489 139 127 76
4295643502 53 70 76
4295643515 88 125 76
4295643528 55 84 0
4295643541 180 221 0
4295643554 70 103 0
4295643567 3 1 0
4295643580 25 33 0
4295643593 112 154 0
4295643606 228 295 0
4295643619 103 106 229
4295643632 27 33 76
4295643645 80 89 0
4295643658 149 194 152
4295643671 201 208 76
4295643684 27 29 76
4295643697 138 144 76
4295643710 76 92 0
4295643723 181 213 0
4295643736 146 175 228
4295643749 152 187 0
4295643762 45 36 0
4295643775 32 37 0
4295643788 155 202 0
4295643801 150 193 0
4295643814 166 185 76
4295643827 180 231 76
4295643840 133 143 0
4295643853 26 26 76
4295643866 48 50 0
4295643879 136 175 76
4295643892 224 250 152
4295643905 97 109 76
4295643918 19 19 0
4295643931 113 124 0
4295643944 188 174 0
4295643957 194 198 228
4295643970 19 19 0
4295643983 73 79 76
4295643996 34 49 76
4295644009 69 79 0
4295644022 94 98 76
4295644035 116 144 76
4295644048 70 62 76
4295644061 37 51 76
4295644074 194 200 152
4295644087 114 131 0
4295644100 16 24 0
4295644113 40 44 0
4295644126 158 169 0
4295644139 173 212 76
4295644152 127 156 0
4295644165 20 23 0
4295644178 64 65 0
4295644191 121 162 0
4295644204 111 137 152
4295644217 172 183 229
4295644230 23 40 0
4295644243 40 50 0
4295644256 135 172 76
4295644269 115 141 76
4295644282 97 124 0
4295644295 181 186 76
4295644308 67 77 0
4295644321 27 36 0
4295644334 219 223 0
4295644347 125 167 76
4295644360 92 107 0
4295644373 7 11 0
4295644386 113 121 0
4295644399 177 211 76
4295644412 173 207 152
4295644425 45 52 0
4295644438 33 34 0
4295644451 56 65 0
4295644464 79 94 76
4295644477 146 133 152
4295644490 147 174 76
4295644503 22 27 0
4295644516 47 51 0
4295644529 103 112 153
4295644542 176 216 76
4295644555 85 102 0
4295644568 15 25 0
4295644581 196 210 76
4295644594 232 223 76
4295644607 112 109 0
4295644620 5 15 0
4295644633 132 170 0
4295644646 191 212 0
4295644659 77 128 152
4295644672 21 24 0
4295644685 133 174 76
4295644698 168 213 152
4295644711 93 129 0
4295644724 10 16 0
4295644737 111 136 76
4295644750 141 171 152
4295644763 164 178 0
4295644776 7 7 0
4295644789 56 50 76
4295644802 142 171 152
4295644815 213 238 76
4295644828 23 32 0
4295644841 40 53 76
4295644854 111 169 0
4295644867 190 196 0
4295644880 82 102 76
4295644893 46 53 152
4295644906 115 105 0
4295644919 171 204 152
4295644932 165 170 76
4295644945 16 41 0
4295644958 70 94 0
4295644971 163 167 76
4295644984 196 223 76
4295644997 32 37 0
4295645010 7 10 0
4295645023 73 92 0
4295645036 132 174 76
4295645049 172 171 0
4295645062 40 43 76
4295645075 46 35 0
4295645088 119 155 0
4295645101 114 142 0
4295645114 139 177 0
4295645127 46 52 0
4295645140 160 171 0
4295645153 24 31 0
4295645166 42 75 0
4295645179 51 63 0
4295645192 119 173 0
4295645205 215 242 0
4295645218 172 204 76
4295645231 30 49 0
4295645244 14 29 0
4295645257 147 182 76
4295645270 112 121 76
4295645283 144 184 0
4295645296 11 7 0
4295645309 34 37 76
4295645322 125 174 0
4295645335 175 216 76
4295645348 144 157 76
4295645361 9 12 76
4295645374 55 93 0
4295645387 171 179 0
4295645400 181 209 0
4295645413 28 38 76
4295645426 137 187 76
4295645439 60 50 0
4295645452 159 165 152
4295645465 122 140 76
4295645478 135 177 0
4295645491 33 37 76
4295645504 128 154 76
4295645517 60 81 152
4295645530 126 145 76
4295645543 19 26 0
4295645556 34 41 0
4295645569 129 147 0
4295645582 129 176 152
4295645595 160 187 0
4295645608 96 108 0
4295645621 13 11 0
4295645634 22 31 76
4295645647 103 120 0
4295645660 139 163 76
4295645673 156 180 76
4295645686 49 63 0
4295645699 32 53 0
4295645712 170 163 0
4295645725 196 212 0
4295645738 98 118 0
4295645751 3 11 0
4295645764 74 122 0
4295645777 202 223 76
4295645790 139 180 76
4295645803 15 14 0
4295645816 51 51 0
4295645829 112 193 0
4295645842 179 200 76
4295645855 37 56 0
4295645868 16 19 0
4295645881 62 106 0
4295645894 150 198 76
4295645907 136 174 230
4295645920 63 85 0
4295645933 31 28 0
4295645946 53 76 76
4295645959 34 42 0
4295645972 103 134 0
4295645985 131 172 76
4295645998 82 104 0
4295646011 19 26 76
4295646024 66 113 0
4295646037 143 192 76
4295646050 143 195 0
4295646063 16 24 0
4295646076 69 68 0
4295646089 117 162 0
4295646102 128 158 76
4295646115 104 137 0
4295646128 14 30 0
4295646141 58 72 0
4295646154 118 195 76
4295646167 123 158 0
4295646180 8 9 0
4295646193 47 50 0
4295646206 109 136 0
4295646219 120 140 76
4295646232 69 92 152
4295646245 6 16 0
4295646258 58 86 0
4295646271 43 56 0
4295646284 45 37 0
4295646297 64 85 0
4295646310 127 147 76
4295646323 105 118 0
4295646336 27 39 0
4295646349 10 19 0
4295646362 27 47 0
4295646375 46 79 0
4295646388 115 169 153
4295646401 59 119 76
4295646414 110 147 153
4295646427 74 138 0
4295646440 148 210 0
4295646453 146 167 76
4295646466 98 169 228
4295646479 130 167 0
4295646492 146 189 76
4295646505 256 255 0
4295646518 24 35 152
4295646531 1 7 0
4295646544 14 12 0
4295646557 9 10 0
4295646570 6 7 0
4295646583 12 15 76
4295646596 111 150 228
4295646609 100 148 0
4295646622 127 175 76
4295646635 116 137 76
4295646648 51 91 76
4295646661 51 76 0
4295646674 93 129 0
4295646687 122 138 0
4295646700 40 50 0
4295646713 29 30 0
4295646726 49 69 0
4295646739 49 80 0
4295646752 58 91 0
4295646765 45 86 0
4295646778 60 93 0
4295646791 38 64 0
4295646804 10 10 0
4295646817 36 37 0
4295646830 30 56 153
4295646843 59 90 152
4295646856 91 115 0
4295646869 89 120 152
4295646882 41 53 0
4295646895 19 20 0
4295646908 9 11 0
4295646921 65 97 76
4295646934 139 151 76
4295646947 132 172 76
4295646960 11 20 0
4295646973 31 38 76
4295646986 99 130 152
4295646999 104 153 76
4295647012 89 154 0
4295647025 6 12 0
4295647038 8 11 0
4295647051 8 21 0
4295647064 14 37 152
4295647077 99 118 76
4295647090 102 107 0
4295647103 121 133 0
4295647116 67 73 0
4295647129 118 145 76
4295647142 14 18 0
4295647155 82 124 0
4295647168 95 143 0
4295647181 119 158 0
4295647194 141 188 76
4295647207 27 41 0
4295647220 16 32 0
4295647233 87 108 76
4295647246 153 167 152
4295647259 110 146 0
4295647272 8 27 0
4295647285 8 25 0
4295647298 37 68 152
4295647311 86 142 0
4295647324 137 159 76
4295647337 103 156 0
4295647350 121 150 0
4295647363 8 13 0
4295647376 17 24 0
4295647389 72 77 0
4295647402 93 132 0
4295647415 89 117 0
4295647428 91 126 0
4295647441 9 6 0
4295647454 16 25 0
4295647467 59 72 0
4295647480 123 147 76
4295647493 106 136 0
4295647506 44 58 0
4295647519 11 16 0
4295647532 28 38 0
4295647545 76 78 0
4295647558 105 145 76
4295647571 65 86 0
4295647584 123 155 152
4295647597 118 162 0
4295647610 55 76 0
4295647623 19 41 0
4295647636 107 95 0
4295647649 9 8 0
4295647662 105 116 0
4295647675 77 119 0
4295647688 130 155 76
4295647701 42 77 76
4295647714 92 109 76
4295647727 52 86 0
4295647740 73 103 0
4295647753 112 138 0
4295647766 171 220 76
4295647779 95 106 0
4295647792 15 16 0
4295647805 39 65 0
4295647818 123 159 0
4295647831 151 165 0
4295647844 122 135 76
4295647857 10 11 76
4295647870 6 7 0
4295647883 37 56 76
4295647896 124 164 0
4295647909 100 145 153
4295647922 80 124 0
4295647935 129 164 0
4295647948 37 57 0
4295647961 10 15 0
4295647974 14 13 0
4295647987 16 21 0
4295648000 60 95 76
4295648013 133 171 76
4295648026 94 146 152
4295648039 114 134 0
4295648052 33 55 0
4295648065 7 12 0
4295648078 14 10 0
4295648091 22 57 0
4295648104 66 90 0
4295648117 149 166 152
4295648130 103 131 0
4295648143 116 149 0
4295648156 114 157 0
4295648169 106 146 76
4295648182 128 151 0
4295648195 155 184 0
4295648208 141 173 0
4295648221 126 172 76
4295648234 140 180 76
4295648247 146 177 76
4295648260 149 200 152
4295648273 187 210 76
4295648286 156 200 76
4295648299 176 220 76
4295648312 138 210 228
4295648325 197 282 0
4295648338 169 242 0
4295648351 164 220 76
4295648364 26 39 0
4295648377 70 100 0
4295648390 81 124 0
4295648403 151 171 76
4295648416 94 127 0
4295648429 11 13 0
4295648442 41 64 0
4295648455 130 147 0
4295648468 180 193 76
4295648481 55 68 0
4295648494 8 8 0
4295648507 3 9 0
4295648520 8 13 76
4295648533 70 81 0
4295648546 120 159 0
4295648559 104 146 0
4295648572 132 171 76
4295648585 105 138 0
4295648598 89 116 76
4295648611 14 7 0
4295648624 64 78 76
4295648637 126 178 152
4295648650 114 162 0
4295648663 46 67 0
4295648676 11 13 0
4295648689 2 4 0
4295648702 30 32 0
4295648715 68 72 0
4295648728 74 110 0
4295648741 115 140 0
4295648754 48 71 0
4295648767 61 93 0
4295648780 119 144 76
4295648793 97 150 0
4295648806 108 170 0
4295648819 48 60 76
4295648832 52 68 0
4295648845 124 161 0
4295648858 162 175 76
4295648871 51 79 0
4295648884 12 8 0
4295648897 8 11 76
4295648910 10 8 0
4295648923 17 15 0
4295648936 7 9 76
4295648949 17 31 0
4295648962 86 109 0
4295648975 132 155 76
4295648988 96 121 0
4295649001 35 70 0
4295649014 106 161 76
4295649027 127 181 0
4295649040 142 163 152
4295649053 27 35 76
4295649066 15 29 0
4295649079 85 143 0
4295649092 89 114 0
4295649105 94 159 229
4295649118 70 93 76
4295649131 52 64 0
4295649144 80 119 0
4295649157 13 16 0
4295649170 40 54 76
4295649183 101 160 229
4295649196 107 142 0
4295649209 38 66 0
4295649222 8 20 76
4295649235 76 112 152
4295649248 139 173 0
4295649261 123 162 76
4295649274 34 51 76
4295649287 19 30 0
4295649300 28 24 76
4295649313 27 37 0
4295649326 125 130 0
4295649339 108 132 229
4295649352 86 121 0
4295649365 36 53 0
4295649378 101 152 152
4295649391 101 149 0
4295649404 109 141 76
4295649417 72 68 0
4295649430 8 17 0
4295649443 13 14 0
4295649456 63 93 229
4295649469 85 101 76
4295649482 75 102 0
4295649495 99 141 0
4295649508 8 16 0
4295649521 36 53 153
4295649534 44 65 0
4295649547 84 131 0
4295649560 83 112 0
4295649573 110 145 0
4295649586 23 23 0
4295649599 5 6 0
4295649612 19 21 0
4295649625 100 131 76
4295649638 106 173 76
4295649651 108 171 76
4295649664 32 57 0
4295649677 4 12 0
4295649690 5 12 0
4295649703 64 77 76
4295649716 151 184 0
4295649729 82 142 76
4295649742 79 108 76
4295649755 109 153 0
4295649768 69 126 0
4295649781 22 26 0
4295649794 6 9 76
4295649807 9 8 0
4295649820 50 68 0
4295649833 56 81 76
4295649846 66 106 76
4295649859 87 96 0
4295649872 56 64 76
4295649885 25 33 0
4295649898 4 8 0
4295649911 13 18 0
4295649924 37 59 0
4295649937 60 85 0
4295649950 76 92 0
4295649963 60 77 0
4295649976 89 99 76
4295649989 43 62 0
4295650002 1 7 0
4295650015 25 33 0
4295650028 37 54 0
4295650041 93 117 0
4295650054 92 128 0
4295650067 73 117 76
4295650080 53 60 0
4295650093 27 31 0
4295650106 66 97 76
4295650119 93 117 0
4295650132 108 161 152
4295650145 102 138 76
4295650158 17 23 0
4295650171 32 61 0
4295650184 104 157 0
4295650197 136 193 0
4295650210 39 81 0
4295650223 6 12 76
4295650236 13 18 0
4295650249 18 30 0
4295650262 1 5 0
4295650275 36 37 0
4295650288 59 80 0
4295650301 82 127 0
4295650314 103 144 0
4295650327 148 168 0
4295650340 106 148 76
4295650353 119 168 0
4295650366 121 187 0
4295650379 42 78 0
4295650392 98 159 229
4295650405 118 167 76
4295650418 104 146 0
4295650431 6 14 0
4295650444 5 6 0
4295650457 8 14 76
4295650470 15 19 0
4295650483 59 88 0
4295650496 96 125 0
4295650509 98 118 76
4295650522 61 102 76
4295650535 4 14 0
4295650548 34 49 0
4295650561 67 105 0
4295650574 93 145 76
4295650587 99 153 0
4295650600 55 88 76
4295650613 85 120 0
4295650626 93 141 0
4295650639 87 146 0
4295650652 9 10 0
4295650665 5 13 0
4295650678 13 10 0
4295650691 22 30 0
4295650704 74 87 76
4295650717 63 97 0
4295650730 27 26 0
4295650743 52 82 0
4295650756 86 133 0
4295650769 48 65 0
4295650782 28 34 76
4295650795 59 94 0
4295650808 120 162 0
4295650821 72 110 0
4295650834 85 129 76
4295650847 7 8 0
4295650860 20 31 0
4295650873 51 73 0
4295650886 94 145 76
4295650899 87 133 0
4295650912 78 118 0
4295650925 57 108 228
4295650938 57 109 152
4295650951 0 0 0
4295650964 31 16 0
4295650977 52 77 152
4295650990 96 125 0
4295651003 75 120 0
4295651016 60 108 76
4295651029 0 1 0
4295651042 36 38 76
4295651055 115 147 152
4295651068 102 138 0
4295651081 121 162 152
4295651094 24 40 76
4295651107 7 14 0
4295651120 28 59 76
4295651133 95 132 0
4295651146 93 138 76
4295651159 61 88 76
4295651172 9 5 0
4295651185 74 105 0
4295651198 96 134 0
4295651211 159 187 152
4295651224 65 88 0
4295651237 16 19 0
4295651250 13 18 0
4295651263 39 50 0
4295651276 43 66 0
4295651289 70 94 0
4295651302 83 112 0
4295651315 72 100 0
4295651328 16 18 0
4295651341 26 30 0
4295651354 73 134 0
4295651367 98 153 0
4295651380 103 136 76
4295651393 38 55 0
4295651406 10 14 0
4295651419 16 25 0
4295651432 95 127 0
4295651445 104 134 76
4295651458 87 154 0
4295651471 44 59 0
4295651484 4 11 0
4295651497 25 32 0
4295651510 91 133 0
4295651523 90 134 0
4295651536 73 123 0
4295651549 120 161 152
4295651562 100 149 0
4295651575 105 144 0
4295651588 131 177 0
4295651601 47 65 0
4295651614 39 63 76
4295651627 96 162 76
4295651640 120 165 76
4295651653 53 64 0
4295651666 10 12 0
4295651679 27 30 0
4295651692 99 136 152
4295651705 100 149 0
4295651718 109 153 0
4295651731 62 72 0
4295651744 4 7 0
4295651757 14 17 0
4295651770 66 94 0
4295651783 124 152 76
4295651796 121 163 228
4295651809 55 70 76
4295651822 6 13 0
4295651835 72 80 0
4295651848 132 165 76
4295651861 110 160 0
4295651874 62 96 0
4295651887 6 12 76
4295651900 6 7 0
4295651913 27 36 0
4295651926 96 121 76
4295651939 5 10 0
4295651952 25 37 0
4295651965 72 87 0
4295651978 84 114 0
4295651991 122 186 76
4295652004 92 132 76
4295652017 31 52 0
4295652030 72 136 0
4295652043 139 182 0
4295652056 135 171 76
4295652069 18 26 0
4295652082 68 94 76
4295652095 91 128 0
4295652108 135 184 76
4295652121 107 152 0
4295652134 5 10 0
4295652147 52 54 0
4295652160 75 126 152
4295652173 96 142 0
4295652186 110 143 152
4295652199 20 41 0
4295652212 8 7 0
4295652225 7 11 0
4295652238 24 27 0
4295652251 83 145 152
4295652264 142 175 76
4295652277 90 115 0
4295652290 5 13 0
4295652303 3 3 0
4295652316 5 9 0
4295652329 6 6 0
4295652342 85 116 0
4295652355 74 118 0
4295652368 74 96 76
4295652381 34 43 0
4295652394 78 147 0
4295652407 71 100 76
4295652420 91 132 153
4295652433 96 128 0
4295652446 89 104 0
4295652459 7 15 0
4295652472 28 25 0
4295652485 61 85 0
4295652498 83 105 0
4295652511 70 116 0
4295652524 132 147 152
4295652537 5 11 0
4295652550 18 28 76
4295652563 51 62 0
4295652576 99 132 0
4295652589 96 121 0
4295652602 74 99 0
4295652615 70 77 0
4295652628 3 3 0
4295652641 17 23 0
4295652654 7 23 0
4295652667 45 58 0
4295652680 83 128 0
4295652693 55 109 0
4295652706 111 143 0
4295652719 9 18 0
4295652732 15 18 0
4295652745 36 41 0
4295652758 95 129 0
4295652771 110 157 0
4295652784 110 140 76
4295652797 8 21 0
4295652810 20 48 152
4295652823 94 150 76
4295652836 128 142 0
4295652849 74 149 305
4295652862 44 61 0
4295652875 2 5 0
4295652888 32 55 0
4295652901 84 113 0
4295652914 82 111 0
4295652927 90 153 0
4295652940 15 38 0
4295652953 18 34 0
4295652966 108 150 0
4295652979 95 157 0
4295652992 93 130 76
4295653005 57 72 0
4295653018 5 16 0
4295653031 10 16 0
4295653044 57 92 76
4295653057 110 146 0
4295653070 119 158 0
4295653083 43 60 0
4295653096 6 10 0
4295653109 51 62 0
4295653122 65 84 0
4295653135 88 146 152
4295653148 103 151 0
4295653161 94 120 76
4295653174 13 8 0
4295653187 7 8 0
4295653200 22 27 0
4295653213 53 93 0
4295653226 96 128 229
4295653239 68 110 0
4295653252 98 154 0
4295653265 86 109 0
4295653278 120 148 76
4295653291 50 62 0
4295653304 39 56 153
4295653317 77 136 76
4295653330 65 112 76
4295653343 71 114 0
4295653356 71 124 76
4295653369 16 17 0
4295653382 3 5 0
4295653395 8 19 0
4295653408 27 76 0
4295653421 93 120 76
4295653434 48 62 0
4295653447 44 57 0
4295653460 67 90 0
4295653473 44 55 0
4295653486 2 5 0
4295653499 3 11 0
4295653512 29 37 0
4295653525 33 40 0
4295653538 21 39 76
4295653551 31 44 0
4295653564 31 44 0
4295653577 26 51 76
4295653590 35 55 0
4295653603 53 70 76
4295653616 48 75 152
4295653629 24 55 0
4295653642 0 5 0
4295653655 5 9 0
4295653668 5 16 0
4295653681 53 67 76
4295653694 73 117 0
4295653707 83 109 76
4295653720 22 46 0
4295653733 66 103 76
4295653746 25 37 0
4295653759 35 61 0
4295653772 88 106 76
4295653785 41 110 76
4295653798 67 112 0
4295653811 75 94 0
4295653824 47 64 76
4295653837 2 3 0
4295653850 8 24 0
4295653863 56 66 0
4295653876 73 108 0
4295653889 65 105 76
4295653902 78 133 0
4295653915 45 61 0
4295653928 2 6 0
4295653941 12 23 0
4295653954 8 16 76
4295653967 37 91 0
4295653980 99 124 152
4295653993 62 116 76
4295654006 88 124 76
4295654019 9 11 0
4295654032 10 11 0
4295654045 5 24 0
4295654058 80 108 76
4295654071 87 118 152
4295654084 79 142 152
4295654097 74 113 0
4295654110 4 3 0
4295654123 26 38 0
4295654136 57 79 76
4295654149 78 115 0
4295654162 89 147 0
4295654175 99 141 76
4295654188 23 33 0
4295654201 17 22 0
4295654214 77 124 229
4295654227 83 126 152
4295654240 85 141 0
4295654253 84 128 0
4295654266 6 8 0
4295654279 10 15 0
4295654292 35 54 0
4295654305 94 149 76
4295654318 82 135 76
4295654331 103 134 0
4295654344 17 21 0
4295654357 9 16 0
4295654370 48 85 76
4295654383 89 129 0
4295654396 81 124 76
4295654409 90 126 76
4295654422 18 23 0
4295654435 38 46 0
4295654448 34 56 76
4295654461 55 110 152
4295654474 88 140 0
4295654487 74 131 0
4295654500 40 72 0
4295654513 3 12 0
4295654526 6 11 0
4295654539 31 41 0
4295654552 72 103 76
4295654565 71 118 0
4295654578 116 150 76
4295654591 56 75 0
4295654604 11 8 0
4295654617 42 80 0
4295654630 76 131 0
4295654643 66 126 0
4295654656 74 128 0
4295654669 41 58 0
4295654682 3 7 0
4295654695 25 39 0
4295654708 49 77 0
4295654721 47 98 0
4295654734 98 137 76
4295654747 94 132 0
4295654760 29 39 0
4295654773 7 9 0
4295654786 19 20 0
4295654799 43 76 0
4295654812 85 118 0
4295654825 79 117 76
4295654838 120 152 152
4295654851 9 11 0
4295654864 14 32 76
4295654877 88 137 0
4295654890 93 132 76
4295654903 81 129 0
4295654916 58 92 0
4295654929 5 6 0
4295654942 8 10 0
4295654955 30 32 76
4295654968 62 102 0
4295654981 75 116 0
4295654994 75 109 0
4295655007 92 129 76
4295655020 13 22 0
4295655033 25 24 0
4295655046 58 83 76
4295655059 74 108 76
4295655072 79 129 76
4295655085 92 133 152
4295655098 21 44 0
4295655111 10 20 0
4295655124 58 94 0
4295655137 85 117 76
4295655150 92 128 76
4295655163 83 144 76
4295655176 14 23 0
4295655189 5 9 0
4295655202 16 20 0
4295655215 56 85 0
4295655228 81 114 76
4295655241 82 126 76
4295655254 77 112 0
4295655267 57 97 76
4295655280 54 121 76
4295655293 86 121 76
4295655306 97 126 0
4295655319 89 109 0
4295655332 39 58 0
4295655345 8 9 0
4295655358 22 32 0
4295655371 53 69 152
4295655384 76 112 0
4295655397 84 149 0
4295655410 73 110 76
4295655423 32 59 0
4295655436 8 6 0
4295655449 2 10 0
4295655462 30 42 0
4295655475 90 129 0
4295655488 70 115 152
4295655501 105 127 152
4295655514 54 67 152
4295655527 2 5 0
4295655540 19 36 0
4295655553 4 4 0
4295655566 70 107 76
4295655579 76 110 76
4295655592 89 123 76
4295655605 75 109 0
4295655618 33 44 0
4295655631 2 5 0
4295655644 12 15 0
4295655657 18 26 0
4295655670 17 29 0
4295655683 81 104 0
4295655696 83 119 0
4295655709 39 78 76
4295655722 69 80 0
4295655735 40 47 76
4295655748 12 18 76
4295655761 33 63 0
4295655774 70 93 0
4295655787 86 147 76
4295655800 66 107 0
4295655813 61 96 153
4295655826 1 6 0
4295655839 20 17 0
4295655852 56 97 0
4295655865 120 154 0
4295655878 70 138 76
4295655891 83 131 76
4295655904 7 14 0
4295655917 5 12 0
4295655930 37 98 76
4295655943 106 151 152
4295655956 105 149 228
4295655969 57 95 0
4295655982 3 15 0
4295655995 22 22 0
4295656008 51 77 152
4295656021 71 102 76
4295656034 83 136 76
4295656047 69 118 76
4295656060 26 43 0
4295656073 0 2 0
4295656086 12 22 0
4295656099 52 80 76
4295656112 13 16 0
4295656125 54 88 76
4295656138 66 99 0
4295656151 90 134 76
4295656164 53 78 0
4295656177 4 5 0
4295656190 13 28 0
4295656203 39 84 0
4295656216 72 86 0
4295656229 95 130 76
4295656242 65 125 0
4295656255 69 85 0
4295656268 3 5 0
4295656281 5 23 76
4295656294 39 74 0
4295656307 97 152 76
4295656320 110 141 0
4295656333 72 123 0
4295656346 10 17 0
4295656359 3 5 0
4295656372 30 37 0
4295656385 81 126 0
4295656398 94 125 152
4295656411 81 131 0
4295656424 31 51 0
4295656437 17 25 0
4295656450 75 103 152
4295656463 55 98 0
4295656476 108 138 76
4295656489 100 141 0
4295656502 37 48 0
4295656515 8 12 0
4295656528 26 34 0
4295656541 46 80 0
4295656554 76 111 0
4295656567 130 132 0
4295656580 68 139 76
4295656593 5 8 0
4295656606 8 21 0
4295656619 48 72 0
4295656632 79 139 0
4295656645 103 137 76
4295656658 111 142 152
4295656671 7 11 0
4295656684 15 21 0
4295656697 63 101 0
4295656710 59 109 0
4295656723 96 133 0
4295656736 94 167 0
4295656749 8 18 0
4295656762 6 13 0
4295656775 16 25 0
4295656788 71 121 153
4295656801 87 140 76
4295656814 93 161 0
4295656827 47 48 0
4295656840 12 23 0
4295656853 54 88 0
4295656866 75 124 0
4295656879 91 147 152
4295656892 62 76 76
4295656905 0 2 0
4295656918 4 17 0
4295656931 36 57 0
4295656944 72 93 0
4295656957 90 156 0
4295656970 52 94 0
4295656983 10 8 0
4295656996 22 48 0
4295657009 80 122 152
4295657022 90 148 0
4295657035 81 125 152
4295657048 29 56 0
4295657061 121 153 0
4295657074 5 12 0
4295657087 38 86 0
4295657100 71 133 0
4295657113 73 141 76
4295657126 84 134 152
4295657139 67 69 0
4295657152 1 4 0
4295657165 4 12 0
4295657178 17 36 0
4295657191 44 98 76
4295657204 83 141 0
4295657217 63 102 0
4295657230 5 8 0
4295657243 39 80 0
4295657256 71 128 76
4295657269 79 134 152
4295657282 67 128 0
4295657295 77 141 76
4295657308 86 147 76
4295657321 36 49 0
4295657334 0 8 0
4295657347 33 63 0
4295657360 81 140 0
4295657373 124 145 76
4295657386 57 119 76
4295657399 7 12 0
4295657412 8 9 0
4295657425 17 27 0
4295657438 16 32 76
4295657451 21 31 0
4295657464 96 126 0
4295657477 81 116 0
4295657490 73 116 152
4295657503 7 10 76
4295657516 10 29 0
4295657529 102 146 0
4295657542 76 133 0
4295657555 73 141 0
4295657568 34 56 0
4295657581 10 8 76
4295657594 7 14 0
4295657607 32 48 76
4295657620 45 98 0
4295657633 56 95 0
4295657646 67 102 76
4295657659 51 79 0
4295657672 9 15 0
4295657685 2 13 0
4295657698 57 92 76
4295657711 62 94 0
4295657724 43 93 153
4295657737 88 116 0
4295657750 70 79 76
4295657763 4 5 0
4295657776 5 13 0
4295657789 44 66 0
4295657802 59 96 0
4295657815 59 82 0
4295657828 87 116 76
4295657841 58 76 0
4295657854 33 53 0
4295657867 7 12 0
4295657880 10 26 0
4295657893 72 109 0
4295657906 64 95 0
4295657919 68 112 153
4295657932 62 96 0
4295657945 29 45 0
4295657958 0 4 0
4295657971 4 8 0
4295657984 28 32 76
4295657997 45 117 0
4295658010 74 121 0
4295658023 86 123 152
4295658036 54 104 0
4295658049 8 10 0
4295658062 42 74 0
4295658075 86 119 0
4295658088 90 159 76
4295658101 58 120 0
4295658114 10 22 0
4295658127 1 12 0
4295658140 48 82 0
4295658153 73 110 76
4295658166 91 129 0
4295658179 54 110 0
4295658192 34 71 0
4295658205 4 11 0
4295658218 19 26 0
4295658231 44 71 0
4295658244 73 126 229
4295658257 93 134 0
4295658270 87 136 76
4295658283 8 12 0
4295658296 4 16 0
4295658309 11 27 0
4295658322 25 68 0
4295658335 53 89 0
4295658348 66 110 0
4295658361 75 126 76
4295658374 45 54 0
4295658387 0 9 0
4295658400 30 40 0
4295658413 49 62 0
4295658426 53 96 76
4295658439 69 101 76
4295658452 83 133 0
4295658465 62 97 0
4295658478 7 16 0
4295658491 14 20 0
4295658504 44 79 76
4295658517 80 135 0
4295658530 53 96 0
4295658543 78 110 0
4295658556 31 45 0
4295658569 0 4 0
4295658582 9 14 0
4295658595 24 39 0
4295658608 44 75 0
4295658621 55 97 0
4295658634 88 126 0
4295658647 68 112 305
4295658660 31 46 0
4295658673 1 6 0
4295658686 7 13 0
4295658699 68 89 76
4295658712 65 131 0
4295658725 76 126 0
4295658738 71 115 0
4295658751 35 66 0
4295658764 6 10 0
4295658777 1 7 0
4295658790 48 64 76
4295658803 72 116 152
4295658816 68 115 152
4295658829 72 115 76
4295658842 38 74 0
4295658855 2 6 0
4295658868 11 19 76
4295658881 51 71 152
4295658894 67 127 152
4295658907 59 112 76
4295658920 96 140 0
4295658933 24 29 0
4295658946 8 6 0
4295658959 47 74 152
4295658972 67 118 76
4295658985 85 134 0
4295658998 92 132 0
4295659011 16 21 0
4295659024 8 9 0
4295659037 58 77 0
4295659050 97 155 0
4295659063 65 127 0
4295659076 69 133 76
4295659089 2 9 0
4295659102 3 17 0
4295659115 23 59 76
4295659128 78 91 76
4295659141 101 128 0
4295659154 83 127 0
4295659167 52 103 0
4295659180 1 7 0
4295659193 44 55 76
4295659206 91 150 0
4295659219 113 158 0
4295659232 93 117 76
4295659245 32 46 76
4295659258 10 18 0
4295659271 2 5 0
4295659284 35 48 0
4295659297 79 135 0
4295659310 85 133 76
4295659323 72 139 152
4295659336 73 135 76
4295659349 90 124 0
4295659362 99 149 0
4295659375 78 131 0
4295659388 54 89 0
4295659401 66 114 76
4295659414 62 113 0
4295659427 92 141 0
4295659440 86 161 0
4295659453 46 64 152
4295659466 1 4 0
4295659479 8 17 0
4295659492 39 51 0
4295659505 64 98 76
4295659518 55 107 0
4295659531 101 144 0
4295659544 47 91 76
4295659557 1 1 0
4295659570 5 12 0
4295659583 59 68 0
4295659596 58 92 0
4295659609 60 76 0
4295659622 73 135 0
4295659635 57 106 0
4295659648 10 20 0
4295659661 10 14 0
4295659674 11 21 0
4295659687 20 37 76
4295659700 41 86 0
4295659713 82 114 76
4295659726 73 134 76
4295659739 56 83 0
4295659752 11 14 0
4295659765 5 8 0
4295659778 18 26 0
4295659791 57 85 0
4295659804 82 127 0
4295659817 83 103 0
4295659830 70 129 76
4295659843 17 18 0
4295659856 8 9 0
4295659869 29 52 0
4295659882 58 108 76
4295659895 61 112 229
4295659908 61 109 0
4295659921 71 115 0
4295659934 7 15 0
4295659947 9 9 0
4295659960 34 70 0
4295659973 67 103 0
4295659986 76 120 0
4295659999 38 82 0
4295660012 53 116 0
4295660025 3 3 0
4295660038 3 5 76
4295660051 31 45 76
4295660064 63 119 76
4295660077 72 143 0
4295660090 87 143 152
4295660103 37 56 0
4295660116 9 11 0
4295660129 46 68 0
4295660142 99 150 0
4295660155 98 123 76
4295660168 79 142 0
4295660181 27 25 76
4295660194 4 10 0
4295660207 27 63 0
4295660220 64 119 0
4295660233 101 136 0
4295660246 75 126 0
4295660259 52 71 0
4295660272 6 6 0
4295660285 29 47 0
4295660298 50 102 76
4295660311 60 127 76
4295660324 111 149 228
4295660337 39 75 0
4295660350 10 16 0
4295660363 56 83 0
4295660376 58 107 76
4295660389 69 130 0
4295660402 75 123 0
4295660415 64 68 76
4295660428 5 10 0
4295660441 34 35 0
4295660454 45 74 76
4295660467 49 70 0
4295660480 67 96 76
4295660493 75 91 0
4295660506 84 108 0
4295660519 16 19 0
4295660532 13 19 0
4295660545 2 9 0
4295660558 29 46 0
4295660571 41 62 0
4295660584 75 108 0
4295660597 65 97 153
4295660610 69 104 0
4295660623 46 70 0
4295660636 13 20 0
4295660649 53 113 153
4295660662 76 108 0
4295660675 72 113 152
4295660688 70 87 0
4295660701 53 86 0
4295660714 1 7 0
4295660727 11 12 0
4295660740 23 33 0
4295660753 64 112 0
4295660766 61 110 76
4295660779 67 112 0
4295660792 49 115 76
4295660805 9 21 0
4295660818 14 16 0
4295660831 42 54 0
4295660844 42 99 0
4295660857 53 89 76
4295660870 56 110 0
4295660883 70 116 0
4295660896 26 53 0
4295660909 5 7 0
4295660922 7 20 0
4295660935 55 87 0
4295660948 64 104 0
4295660961 51 104 0
4295660974 73 117 0
4295660987 48 79 0
4295661000 0 4 0
4295661013 8 19 0
4295661026 21 48 0
4295661039 70 102 0
4295661052 86 115 76
4295661065 67 113 152
4295661078 63 107 76
4295661091 18 17 76
4295661104 19 26 0
4295661117 51 79 0
4295661130 71 134 0
4295661143 72 108 0
4295661156 84 118 152
4295661169 6 26 0
4295661182 6 10 0
4295661195 33 44 76
4295661208 67 115 0
4295661221 78 118 0
4295661234 63 118 76
4295661247 9 9 0
4295661260 11 11 0
4295661273 34 67 0
4295661286 62 107 153
4295661299 68 110 152
4295661312 61 83 0
4295661325 11 16 0
4295661338 6 17 76
4295661351 45 79 0
4295661364 58 118 153
4295661377 62 123 0
4295661390 69 118 0
4295661403 77 137 76
4295661416 58 102 0
4295661429 7 12 0
4295661442 6 10 0
4295661455 3 4 0
4295661468 7 8 0
4295661481 10 26 0
4295661494 54 97 76
4295661507 51 87 0
4295661520 30 78 0
4295661533 48 115 76
4295661546 36 83 0
4295661559 45 100 0
4295661572 51 115 0
4295661585 63 90 76
4295661598 43 75 76
4295661611 79 147 76
4295661624 75 142 152
4295661637 76 105 76
4295661650 78 130 76
4295661663 15 36 0
4295661676 11 28 0
4295661689 21 31 76
4295661702 11 20 0
4295661715 35 41 0
4295661728 15 33 0
4295661741 9 25 0
4295661754 27 33 76
4295661767 21 32 76
4295661780 12 24 0
4295661793 15 19 76
4295661806 11 31 76
4295661819 61 84 0
4295661832 79 105 0
4295661845 76 116 0
4295661858 67 101 152
4295661871 16 55 0
4295661884 3 7 0
4295661897 6 10 76
4295661910 0 5 0
4295661923 5 10 0
4295661936 13 59 0
4295661949 60 94 0
4295661962 32 65 76
4295661975 57 98 0
4295661988 69 102 76
4295662001 61 97 152
4295662014 51 74 0
4295662027 73 111 76
4295662040 31 60 0
4295662053 0 0 0
4295662066 3 6 0
4295662079 17 32 0
4295662092 32 63 0
4295662105 45 61 76
4295662118 34 57 76
4295662131 45 66 0
4295662144 41 59 76
4295662157 56 68 76
4295662170 59 78 0
4295662183 70 103 0
4295662196 61 68 76
4295662209 54 65 0
4295662222 0 6 0
4295662235 4 13 0
4295662248 50 65 0
4295662261 30 56 0
4295662274 58 93 152
4295662287 68 119 0
4295662300 8 14 0
4295662313 36 69 0
4295662326 71 105 0
4295662339 55 83 0
4295662352 59 99 0
4295662365 71 106 0
4295662378 29 42 76
4295662391 4 10 0
4295662404 44 65 0
4295662417 62 83 76
4295662430 54 93 0
4295662443 58 112 0
4295662456 74 111 76
4295662469 8 12 0
4295662482 6 6 0
4295662495 29 46 0
4295662508 80 121 152
4295662521 67 105 0
4295662534 47 86 0
4295662547 57 110 76
4295662560 24 29 0
4295662573 12 12 0
4295662586 17 53 0
4295662599 73 122 0
4295662612 22 40 0
4295662625 58 117 152
4295662638 43 85 0
4295662651 48 76 0
4295662664 2 4 0
4295662677 22 34 76
4295662690 45 66 0
4295662703 46 82 0
4295662716 63 104 0
4295662729 54 110 0
4295662742 57 88 0
4295662755 1 4 0
4295662768 8 11 0
4295662781 48 81 0
4295662794 38 76 0
4295662807 79 117 0
4295662820 60 101 0
4295662833 53 114 76
4295662846 3 11 0
4295662859 8 13 0
4295662872 55 88 152
4295662885 83 131 0
4295662898 67 114 0
4295662911 75 116 0
4295662924 39 55 76
4295662937 9 5 0
4295662950 0 14 0
4295662963 17 42 0
4295662976 53 96 0
4295662989 57 111 0
4295663002 59 92 0
4295663015 56 111 0
4295663028 21 23 0
4295663041 3 10 0
4295663054 38 65 0
4295663067 59 106 0
4295663080 90 122 0
4295663093 28 44 0
4295663106 26 38 0
4295663119 69 101 0
4295663132 29 42 76
4295663145 19 30 0
4295663158 40 74 0
4295663171 67 107 0
4295663184 78 133 0
4295663197 69 118 0
4295663210 18 23 0
4295663223 2 9 0
4295663236 21 29 76
4295663249 65 110 0
4295663262 69 116 0
4295663275 88 132 152
4295663288 57 96 0
4295663301 7 21 0
4295663314 7 18 0
4295663327 37 90 76
4295663340 86 142 0
4295663353 65 118 0
4295663366 96 125 0
4295663379 13 20 0
4295663392 12 14 0
4295663405 10 11 0
4295663418 45 72 0
4295663431 65 119 76
4295663444 51 101 0
4295663457 98 120 76
4295663470 39 50 0
4295663483 0 1 0
4295663496 1 5 0
4295663509 8 11 0
4295663522 12 14 0
4295663535 4 11 0
4295663548 8 18 0
4295663561 47 67 0
4295663574 67 103 0
4295663587 59 93 152
4295663600 50 104 76
4295663613 3 8 0
4295663626 39 60 0
4295663639 53 128 0
4295663652 58 111 0
4295663665 62 128 76
4295663678 18 64 0
4295663691 2 6 0
4295663704 12 13 0
4295663717 3 4 0
4295663730 5 9 0
4295663743 9 14 0
4295663756 14 22 0
4295663769 51 96 0
4295663782 103 121 152
4295663795 52 103 153
4295663808 59 124 0
4295663821 100 122 0
4295663834 20 14 0
4295663847 4 7 0
4295663860 3 6 0
4295663873 10 39 0
4295663886 71 90 0
4295663899 91 118 0
4295663912 66 117 152
4295663925 98 119 76
4295663938 61 108 0
4295663951 76 139 0
4295663964 69 115 76
4295663977 87 147 76
4295663990 79 123 0
4295664003 93 150 152
4295664016 78 138 0
4295664029 68 133 76
4295664042 74 144 0
4295664055 109 154 0
4295664068 102 171 152
4295664081 98 158 228
4295664094 117 154 0
4295664107 86 158 76
4295664120 114 204 0
4295664133 122 173 152
4295664146 83 155 76
4295664159 118 174 152
4295664172 112 163 0
4295664185 61 145 76
4295664198 104 173 76
4295664211 67 173 76
4295664224 68 136 0
4295664237 73 165 0
4295664250 87 148 0
4295664263 82 185 76
4295664276 58 98 153
4295664289 24 78 0
4295664302 70 141 0
4295664315 111 198 76
4295664328 56 93 0
4295664341 0 5 0
4295664354 42 52 0
4295664367 64 117 0
4295664380 74 114 228
4295664393 68 122 0
4295664406 51 72 0
4295664419 5 8 0
4295664432 10 26 0
4295664445 9 26 0
4295664458 66 76 76
4295664471 112 141 76
4295664484 77 138 0
4295664497 50 73 76
4295664510 2 7 0
4295664523 4 24 0
4295664536 44 99 76
4295664549 109 163 76
4295664562 90 166 0
4295664575 45 66 0
4295664588 5 10 0
4295664601 16 28 0
4295664614 50 77 152
4295664627 52 80 152
4295664640 61 114 76
4295664653 65 98 76
4295664666 52 93 228
4295664679 4 6 0
4295664692 17 23 0
4295664705 35 71 76
4295664718 72 98 0
4295664731 68 116 0
4295664744 99 145 0
4295664757 25 41 0
4295664770 4 5 76
4295664783 42 75 0
4295664796 83 126 0
4295664809 73 125 152
4295664822 75 115 0
4295664835 33 51 0
4295664848 8 7 0
4295664861 11 20 0
4295664874 48 95 0
4295664887 0 0 0
4295664900 15 26 0
4295664913 67 119 0
4295664926 13 17 0
4295664939 34 34 0
4295664952 93 150 76
4295664965 22 38 0
4295664978 6 8 0
4295664991 39 80 0
4295665004 64 104 76
4295665017 74 134 152
4295665030 93 141 0
4295665043 28 48 0
4295665056 6 11 0
4295665069 24 55 76
4295665082 107 139 153
4295665095 79 127 76
4295665108 73 148 76
4295665121 21 33 76
4295665134 15 39 76
4295665147 61 130 0
4295665160 41 116 0
4295665173 81 144 76
4295665186 44 97 76
4295665199 0 2 0
4295665212 2 4 0
4295665225 22 44 0
4295665238 34 56 0
4295665251 89 120 152
4295665264 81 118 0
4295665277 66 123 0
4295665290 17 33 0
4295665303 6 12 0
4295665316 37 59 0
4295665329 57 77 0
4295665342 69 130 229
4295665355 87 152 0
4295665368 38 64 76
4295665381 6 15 0
4295665394 49 80 76
4295665407 65 105 76
4295665420 59 116 76
4295665433 79 146 0
4295665446 67 81 0
4295665459 6 16 0
4295665472 3 5 0
4295665485 6 24 0
4295665498 54 99 0
4295665511 65 130 76
4295665524 60 110 0
4295665537 47 110 0
4295665550 81 133 76
4295665563 87 147 76
4295665576 102 153 76
4295665589 79 143 0
4295665602 60 122 0
4295665615 25 36 0
4295665628 36 80 0
4295665641 66 134 0
4295665654 83 160 0
4295665667 107 155 0
4295665680 33 53 76
4295665693 7 13 0
4295665706 9 13 76
4295665719 9 21 0
4295665732 45 78 152
4295665745 77 93 76
4295665758 45 102 0
4295665771 81 120 0
4295665784 4 8 0
4295665797 10 16 0
4295665810 16 43 0
4295665823 68 116 76
4295665836 86 129 0
4295665849 88 140 0
4295665862 17 32 0
4295665875 10 16 0
4295665888 60 99 0
4295665901 51 123 0
4295665914 68 123 153
4295665927 71 132 76
4295665940 13 16 0
4295665953 22 34 0
4295665966 50 114 0
4295665979 61 126 153
4295665992 87 156 76
4295666005 49 92 76
4295666018 4 6 0
4295666031 10 12 0
4295666044 21 33 0
4295666057 80 111 152
4295666070 70 113 0
4295666083 66 120 0
4295666096 42 65 0
4295666109 3 7 0
4295666122 1 11 0
4295666135 89 109 76
4295666148 78 116 0
4295666161 79 138 0
4295666174 71 113 152
4295666187 9 11 0
4295666200 3 16 0
4295666213 53 90 0
4295666226 39 98 153
4295666239 59 87 0
4295666252 42 108 0
4295666265 37 92 0
4295666278 25 37 76
4295666291 8 8 0
4295666304 32 61 0
4295666317 78 94 76
4295666330 48 89 76
4295666343 45 79 153
4295666356 41 76 0
4295666369 44 53 0
4295666382 45 61 76
4295666395 3 6 0
4295666408 30 33 0
4295666421 37 64 76
4295666434 38 75 0
4295666447 53 63 0
4295666460 51 91 0
4295666473 45 96 0
4295666486 44 78 0
4295666499 0 2 0
4295666512 1 4 0
4295666525 11 22 0
4295666538 26 55 0
4295666551 37 68 153
4295666564 66 107 76
4295666577 47 92 0
4295666590 57 86 0
4295666603 57 79 76
4295666616 9 9 0
4295666629 18 31 0
4295666642 40 90 0
4295666655 54 102 152
4295666668 40 102 0
4295666681 89 115 0
4295666694 45 85 0
4295666707 4 14 0
4295666720 14 33 0
4295666733 75 118 0
4295666746 66 124 0
4295666759 70 127 76
4295666772 57 96 0
4295666785 3 11 0
4295666798 40 47 0
4295666811 94 135 76
4295666824 75 120 76
4295666837 72 127 76
4295666850 25 61 76
4295666863 6 6 0
4295666876 23 37 0
4295666889 70 125 76
4295666902 81 114 0
4295666915 52 109 0
4295666928 67 130 0
4295666941 4 11 0
4295666954 15 23 0
4295666967 77 114 76
4295666980 70 139 76
4295666993 83 131 76
4295667006 71 106 0
4295667019 2 3 0
4295667032 31 44 0
4295667045 65 111 76
4295667058 78 122 229
4295667071 42 100 0
4295667084 59 86 0
4295667097 29 33 0
4295667110 2 3 0
4295667123 47 70 0
4295667136 61 103 152
4295667149 49 75 0
4295667162 54 108 76
4295667175 78 124 0
4295667188 16 27 0
4295667201 16 27 0
4295667214 58 96 76
4295667227 67 100 0
4295667240 50 72 0
4295667253 48 88 0
4295667266 65 105 76
4295667279 4 11 0
4295667292 8 12 0
4295667305 29 40 0
4295667318 48 74 0
4295667331 77 124 76
4295667344 91 136 76
4295667357 62 117 0
4295667370 16 16 0
4295667383 11 19 0
4295667396 78 131 0
4295667409 57 112 0
4295667422 76 129 0
4295667435 93 118 0
4295667448 3 5 0
4295667461 13 16 76
4295667474 15 35 0
4295667487 34 82 76
4295667500 91 109 76
4295667513 79 129 152
4295667526 88 100 0
4295667539 6 8 76
4295667552 35 63 0
4295667565 53 108 0
4295667578 73 133 0
4295667591 81 132 0
4295667604 47 94 0
4295667617 6 11 0
4295667630 4 5 0
4295667643 11 22 0
4295667656 12 34 0
4295667669 36 64 0
4295667682 75 135 0
4295667695 67 116 152
4295667708 59 80 152
4295667721 46 78 0
4295667734 60 127 0
4295667747 68 133 0
4295667760 65 143 76
4295667773 46 79 0
4295667786 9 14 0
4295667799 45 68 76
4295667812 75 167 152
4295667825 74 151 0
4295667838 77 103 76
4295667851 2 10 0
4295667864 7 12 0
4295667877 9 28 0
4295667890 2 3 0
4295667903 50 85 0
4295667916 74 128 0
4295667929 60 128 0
4295667942 53 111 0
4295667955 6 6 0
4295667968 11 14 76
4295667981 13 17 0
4295667994 39 90 76
4295668007 95 133 76
4295668020 66 112 0
4295668033 74 126 0
4295668046 21 28 0
4295668059 30 54 0
4295668072 101 154 0
4295668085 48 117 0
4295668098 86 144 152
4295668111 60 83 0
4295668124 11 12 0
4295668137 14 36 0
4295668150 52 100 152
4295668163 87 132 0
4295668176 68 123 0
4295668189 62 102 76
4295668202 3 7 0
4295668215 15 27 0
4295668228 21 55 76
4295668241 46 79 0
4295668254 74 120 76
4295668267 58 109 0
4295668280 71 117 76
4295668293 1 15 0
4295668306 38 46 0
4295668319 79 133 152
4295668332 70 135 153
4295668345 85 136 153
4295668358 28 60 0
4295668371 4 11 0
4295668384 48 101 0
4295668397 76 115 0
4295668410 84 137 0
4295668423 63 122 152
4295668436 14 24 0
4295668449 18 23 0
4295668462 80 128 152
4295668475 76 134 76
4295668488 61 135 0
4295668501 66 99 0
4295668514 1 2 0
4295668527 23 41 0
4295668540 79 133 153
4295668553 79 155 76
4295668566 72 108 0
4295668579 43 100 0
4295668592 5 8 0
4295668605 5 11 0
4295668618 97 138 0
4295668631 53 100 0
4295668644 102 141 0
4295668657 71 112 0
4295668670 5 10 0
4295668683 16 45 0
4295668696 52 90 0
4295668709 35 83 76
4295668722 71 129 0
4295668735 76 137 0
4295668748 22 37 0
4295668761 10 14 0
4295668774 33 60 0
4295668787 52 101 0
4295668800 53 90 0
4295668813 32 53 0
4295668826 65 110 0
4295668839 38 71 0
4295668852 7 17 0
4295668865 42 80 0
4295668878 83 123 0
4295668891 62 125 0
4295668904 55 103 152
4295668917 48 71 0
4295668930 1 6 0
4295668943 26 31 76
4295668956 75 137 76
4295668969 94 156 0
4295668982 79 142 76
4295668995 44 58 0
4295669008 5 13 0
4295669021 29 53 0
4295669034 50 131 76
4295669047 47 101 76
4295669060 74 131 76
4295669073 48 86 76
4295669086 7 12 0
4295669099 2 10 0
4295669112 48 80 0
4295669125 66 123 0
4295669138 84 139 0
4295669151 86 146 0
4295669164 13 24 0
4295669177 4 3 0
4295669190 29 56 0
4295669203 74 127 0
4295669216 87 158 0
4295669229 92 141 76
4295669242 13 21 0
4295669255 7 15 0
4295669268 46 84 76
4295669281 54 125 0
4295669294 64 131 0
4295669307 69 133 0
4295669320 16 37 0
4295669333 2 4 0
4295669346 8 41 0
4295669359 74 141 76
4295669372 65 124 0
4295669385 66 154 228
4295669398 28 50 0
4295669411 4 9 0
4295669424 53 84 76
4295669437 70 123 0
4295669450 73 123 76
4295669463 70 134 76
4295669476 50 88 0
4295669489 9 15 0
4295669502 8 19 0
4295669515 40 95 0
4295669528 3 12 76
4295669541 43 68 76
4295669554 74 144 0
4295669567 72 132 76
4295669580 69 130 76
4295669593 83 124 152
4295669606 7 33 0
4295669619 91 132 152
4295669632 25 38 0
4295669645 73 137 0
4295669658 80 125 0
4295669671 75 130 0
4295669684 13 29 0
4295669697 9 24 0
4295669710 44 92 76
4295669723 67 127 0
4295669736 66 122 76
4295669749 55 129 0
4295669762 10 44 0
4295669775 10 16 0
4295669788 24 47 152
4295669801 56 106 153
4295669814 59 111 0
4295669827 77 123 76
4295669840 69 128 0
4295669853 7 13 0
4295669866 13 12 0
4295669879 13 23 0
4295669892 45 53 0
4295669905 43 97 0
4295669918 54 124 0
4295669931 80 128 0
4295669944 44 61 0
4295669957 1 5 0
4295669970 19 34 0
4295669983 59 130 0
4295669996 70 133 0
4295670009 56 138 0
4295670022 63 106 0
4295670035 2 4 0
4295670048 0 7 0
4295670061 39 90 0
4295670074 96 135 0
4295670087 63 133 76
4295670100 67 134 76
4295670113 27 51 0
4295670126 1 5 0
4295670139 13 17 76
4295670152 54 71 0
4295670165 63 118 0
4295670178 42 119 0
4295670191 75 132 0
4295670204 22 49 0
4295670217 7 12 0
4295670230 21 29 76
4295670243 60 106 0
4295670256 84 146 76
4295670269 75 125 0
4295670282 67 131 153
4295670295 6 11 0
4295670308 3 4 0
4295670321 18 34 0
4295670334 45 107 76
4295670347 102 129 76
4295670360 59 115 76
4295670373 81 126 76
4295670386 5 11 0
4295670399 18 24 0
4295670412 37 75 0
4295670425 69 140 0
4295670438 70 124 0
4295670451 93 145 0
4295670464 17 41 0
4295670477 15 19 0
4295670490 42 85 76
4295670503 46 88 0
4295670516 49 105 0
4295670529 55 103 0
4295670542 41 86 152
4295670555 23 27 0
4295670568 1 7 0
4295670581 5 21 0
4295670594 32 56 0
4295670607 47 104 76
4295670620 63 106 0
4295670633 48 76 0
4295670646 39 85 0
4295670659 39 38 0
4295670672 3 16 0
4295670685 28 40 0
4295670698 8 12 0
4295670711 13 36 0
4295670724 39 78 0
4295670737 69 104 76
4295670750 50 88 0
4295670763 69 118 0
4295670776 30 81 76
4295670789 6 19 0
4295670802 5 18 76
4295670815 42 92 0
4295670828 40 65 76
4295670841 58 100 152
4295670854 55 96 0
4295670867 37 80 0
4295670880 49 83 76
4295670893 0 0 0
4295670906 12 11 0
4295670919 4 10 0
4295670932 25 47 0
4295670945 42 79 0
4295670958 65 105 0
4295670971 65 91 0
4295670984 49 98 0
4295670997 32 73 0
4295671010 9 12 0
4295671023 1 5 0
4295671036 1 8 0
4295671049 20 48 0
4295671062 61 119 76
4295671075 59 106 0
4295671088 57 104 0
4295671101 47 90 76
4295671114 36 47 0
4295671127 3 10 0
4295671140 19 40 0
4295671153 56 99 0
4295671166 50 96 0
4295671179 70 114 0
4295671192 62 142 0
4295671205 14 18 0
4295671218 2 16 0
4295671231 13 20 0
4295671244 7 11 76
4295671257 79 131 229
4295671270 53 115 0
4295671283 75 123 0
4295671296 69 107 76
4295671309 0 6 0
4295671322 19 22 0
4295671335 42 59 0
4295671348 66 110 76
4295671361 68 126 0
4295671374 76 139 0
4295671387 49 79 0
4295671400 1 8 0
4295671413 12 24 0
4295671426 65 118 0
4295671439 55 86 0
4295671452 55 81 0
4295671465 12 21 0
4295671478 10 19 0
4295671491 5 11 0
4295671504 7 17 0
4295671517 6 21 0
4295671530 17 28 0
4295671543 23 29 0
4295671556 22 47 0
4295671569 6 5 0
4295671582 26 56 0
4295671595 58 115 0
4295671608 54 113 152
4295671621 43 112 0
4295671634 67 98 0
4295671647 33 54 0
4295671660 4 7 0
4295671673 18 42 0
4295671686 35 88 0
4295671699 56 107 0
4295671712 51 117 76
4295671725 64 89 153
4295671738 53 84 0
4295671751 2 4 0
4295671764 0 3 0
4295671777 1 3 0
4295671790 15 35 0
4295671803 42 78 76
4295671816 40 74 0
4295671829 65 103 0
4295671842 39 87 0
4295671855 66 93 0
4295671868 6 10 0
4295671881 6 7 0
4295671894 12 14 0
4295671907 34 82 76
4295671920 38 99 0
4295671933 38 80 76
4295671946 57 120 0
4295671959 77 109 0
4295671972 9 29 0
4295671985 1 11 152
4295671998 39 87 0
4295672011 55 101 76
4295672024 65 97 0
4295672037 61 96 76
4295672050 62 96 230
4295672063 22 38 0
4295672076 5 13 0
4295672089 15 46 0
4295672102 36 84 76
4295672115 33 70 76
4295672128 61 121 76
4295672141 77 118 76
4295672154 67 98 0
4295672167 8 10 0
4295672180 17 19 0
4295672193 28 83 0
4295672206 67 125 152
4295672219 62 108 0
4295672232 87 106 152
4295672245 25 35 0
4295672258 9 19 0
4295672271 27 35 0
4295672284 62 98 0
4295672297 35 82 0
4295672310 50 116 0
4295672323 55 109 0
4295672336 10 29 0
4295672349 7 8 0
4295672362 20 34 0
4295672375 70 110 76
4295672388 57 120 153
4295672401 61 122 76
4295672414 48 100 152
4295672427 7 13 0
4295672440 7 9 0
4295672453 25 39 0
4295672466 61 106 0
4295672479 69 119 76
4295672492 40 86 0
4295672505 31 43 0
4295672518 32 55 76
4295672531 14 16 76
4295672544 8 16 0
4295672557 55 91 0
4295672570 50 93 76
4295672583 35 86 0
4295672596 73 129 153
4295672609 44 95 76
4295672622 2 6 0
4295672635 6 29 0
4295672648 55 121 76
4295672661 49 101 0
4295672674 82 138 0
4295672687 61 110 76
4295672700 1 5 0
4295672713 14 36 76
4295672726 35 83 152
4295672739 61 101 0
4295672752 61 119 0
4295672765 46 105 76
4295672778 37 61 76
4295672791 3 8 0
4295672804 19 17 0
4295672817 54 80 76
4295672830 61 107 76
4295672843 60 126 76
4295672856 80 126 0
4295672869 28 66 76
4295672882 0 3 0
4295672895 7 25 0
4295672908 44 80 76
4295672921 40 97 0
4295672934 58 100 0
4295672947 96 134 76
4295672960 30 73 76
4295672973 5 10 0
4295672986 1 17 0
4295672999 66 111 152
4295673012 61 132 76
4295673025 76 110 152
4295673038 48 90 0
4295673051 21 57 0
4295673064 3 5 0
4295673077 8 16 0
4295673090 50 92 0
4295673103 61 103 0
4295673116 66 129 76
4295673129 75 114 0
4295673142 50 69 0
4295673155 5 15 0
4295673168 10 19 0
4295673181 34 68 0
4295673194 58 106 76
4295673207 49 96 0
4295673220 56 112 76
4295673233 50 93 76
4295673246 15 9 0
4295673259 8 22 76
4295673272 37 71 0
4295673285 65 124 0
4295673298 76 138 153
4295673311 66 129 0
4295673324 25 57 76
4295673337 16 7 0
4295673350 9 15 0
4295673363 36 63 76
4295673376 63 117 0
4295673389 45 108 0
4295673402 64 114 76
4295673415 41 89 0
4295673428 1 7 0
4295673441 18 31 0
4295673454 36 102 152
4295673467 74 117 0
4295673480 71 122 76
4295673493 73 129 76
4295673506 16 23 0
4295673519 10 8 0
4295673532 13 30 0
4295673545 67 103 0
4295673558 67 118 76
4295673571 63 127 152
4295673584 71 133 76
4295673597 20 22 0
4295673610 0 4 0
4295673623 43 55 0
4295673636 60 116 0
4295673649 46 109 0
4295673662 74 127 0
4295673675 58 103 0
4295673688 10 17 0
4295673701 11 12 0
4295673714 19 36 0
4295673727 67 119 0
4295673740 62 120 0
4295673753 66 123 153
4295673766 46 104 0
4295673779 9 15 0
4295673792 6 6 0
4295673805 55 70 76
4295673818 79 123 0
4295673831 54 122 0
4295673844 69 126 76
4295673857 53 77 0
4295673870 1 5 0
4295673883 2 4 0
4295673896 15 26 0
4295673909 6 10 0
4295673922 46 81 0
4295673935 58 120 76
4295673948 66 116 0
4295673961 58 87 0
4295673974 40 64 0
4295673987 1 7 0
4295674000 19 34 76
4295674013 49 91 0
4295674026 15 20 0
4295674039 44 96 0
4295674052 59 113 76
4295674065 60 101 0
4295674078 53 76 76
4295674091 1 6 0
4295674104 8 15 0
4295674117 58 87 152
4295674130 55 122 76
4295674143 60 118 76
4295674156 60 97 0
4295674169 50 95 0
4295674182 1 13 0
4295674195 14 32 0
4295674208 57 110 0
4295674221 52 101 0
4295674234 55 114 76
4295674247 77 124 0
4295674260 19 32 0
4295674273 4 7 0
4295674286 5 8 0
4295674299 7 23 0
4295674312 37 59 0
4295674325 44 90 76
4295674338 91 116 0
4295674351 59 106 0
4295674364 69 91 76
4295674377 3 8 0
4295674390 10 25 0
4295674403 43 82 76
4295674416 69 119 76
4295674429 55 97 0
4295674442 65 111 0
4295674455 65 93 0
4295674468 6 20 0
4295674481 34 72 0
4295674494 32 71 0
4295674507 45 98 76
4295674520 54 123 76
4295674533 67 111 152
4295674546 25 51 0
4295674559 8 15 0
4295674572 15 15 76
4295674585 25 51 0
4295674598 47 81 0
4295674611 40 95 0
4295674624 70 120 152
4295674637 60 115 152
4295674650 2 11 76
4295674663 4 11 0
4295674676 16 43 0
4295674689 56 109 76
4295674702 56 126 0
4295674715 98 134 76
4295674728 84 113 0
4295674741 4 7 0
4295674754 3 12 0
4295674767 16 29 0
4295674780 31 48 0
4295674793 53 107 76
4295674806 65 121 0
4295674819 63 114 0
4295674832 52 97 0
4295674845 3 7 0
4295674858 13 18 0
4295674871 36 57 76
4295674884 72 128 0
4295674897 46 121 0
4295674910 40 115 0
4295674923 47 84 0
4295674936 5 14 0
4295674949 3 7 0
4295674962 30 70 0
4295674975 57 104 76
4295674988 51 115 0
4295675001 60 119 0
4295675014 63 103 228
4295675027 6 4 0
4295675040 5 12 0
4295675053 20 58 0
4295675066 52 126 0
4295675079 78 123 152
4295675092 71 115 0
4295675105 72 103 0
4295675118 1 3 0
4295675131 27 47 0
4295675144 51 104 152
4295675157 58 104 76
4295675170 38 126 76
4295675183 67 121 0
4295675196 18 32 0
4295675209 2 5 0
4295675222 36 72 0
4295675235 55 122 0
4295675248 47 107 76
4295675261 45 114 76
4295675274 66 112 0
4295675287 6 4 0
4295675300 4 12 0
4295675313 11 29 0
4295675326 57 115 76
4295675339 51 91 152
4295675352 69 101 76
4295675365 80 136 152
4295675378 14 26 0
4295675391 12 14 0
4295675404 32 54 0
4295675417 65 116 0
4295675430 64 117 0
4295675443 66 84 0
4295675456 61 130 76
4295675469 24 29 0
4295675482 7 11 0
4295675495 32 38 0
4295675508 47 99 76
4295675521 61 88 76
4295675534 50 93 0
4295675547 44 74 0
4295675560 39 73 0
4295675573 40 54 0
4295675586 9 7 0
4295675599 3 15 0
4295675612 20 42 0
4295675625 32 63 0
4295675638 52 90 0
4295675651 47 84 0
4295675664 44 78 0
4295675677 70 86 152
4295675690 57 100 76
4295675703 29 75 76
4295675716 37 97 306
4295675729 34 74 0
4295675742 17 52 152
4295675755 21 56 0
4295675768 53 64 306
4295675781 60 96 0
4295675794 75 94 152
4295675807 45 75 0
4295675820 42 70 76
4295675833 49 81 229
4295675846 51 83 230
4295675859 46 62 76
4295675872 36 81 0
4295675885 27 41 0
4295675898 47 77 76
4295675911 35 58 76
4295675924 41 82 0
4295675937 77 79 76
4295675950 66 77 76
4295675963 50 104 76
4295675976 73 104 153
4295675989 65 84 0
4295676002 48 58 152
4295676015 70 81 0
4295676028 88 99 0
4295676041 45 63 0
4295676054 43 68 0
4295676067 47 70 0
4295676080 35 51 0
4295676093 40 49 0
4295676106 30 50 0
4295676119 33 55 0
4295676132 57 70 0
4295676145 21 27 0
4295676158 11 11 0
4295676171 0 0 0
4295676184 0 0 0
4295676197 0 0 0
4295676210 0 0 0
4295676223 0 0 0
4295676236 0 0 0
4295676249 0 0 0
4295676262 0 0 0
4295676275 0 0 0
4295676288 0 0 0
4295676301 0 0 0
4295676314 35 18 0
4295676327 24 19 76
4295676340 0 0 0
4295676353 0 0 0
4295676366 0 0 0
4295676379 0 0 0
4295676392 33 17 153
4295676405 29 18 152
4295676418 28 42 230
4295676431 16 26 230
read 3026 profiled data
