4298277838 23942 3 1057
4298277851 23018 0 918
4298277864 20962 0 763
4298277878 0 0 0
4298277891 0 0 0
4298277904 0 0 0
4298277917 0 0 0
4298277930 0 0 0
4298277943 0 0 0
4298277956 0 0 0
4298277969 0 0 0
4298277982 0 0 0
4298277995 0 0 0
4298278008 0 0 0
4298278021 0 0 0
4298278034 0 0 0
4298278047 0 0 0
4298278060 0 0 0
4298278073 0 0 0
4298278086 0 0 0
4298278099 0 0 0
4298278112 3983 0 228
4298278125 24581 0 994
4298278138 23404 0 763
4298278151 0 0 0
4298278164 0 0 0
4298278177 0 0 0
4298278190 0 0 0
4298278203 0 0 0
4298278216 0 0 0
4298278229 0 0 0
4298278242 0 0 0
4298278255 0 0 0
4298278268 0 0 0
4298278281 0 0 0
4298278294 0 0 0
4298278307 0 0 0
4298278320 0 0 0
4298278333 0 0 0
4298278346 0 0 0
4298278359 0 0 0
4298278372 0 0 0
4298278385 2993 0 153
4298278398 26765 0 994
4298278411 12571 0 380
4298278424 0 0 0
4298278437 0 0 0
4298278450 0 0 0
4298278463 0 0 0
4298278476 0 0 0
4298278489 0 0 0
4298278502 0 0 0
4298278515 0 0 0
4298278528 0 0 0
4298278541 0 0 0
4298278554 0 0 0
4298278567 0 0 0
4298278580 0 0 0
4298278593 0 0 0
4298278606 0 0 0
4298278619 0 0 0
4298278632 0 0 0
4298278645 0 0 0
4298278658 21494 0 764
4298278671 13891 0 381
4298278684 0 0 0
4298278697 0 0 0
4298278710 0 0 0
4298278723 0 0 0
4298278736 0 0 0
4298278749 0 0 0
4298278762 0 0 0
4298278775 0 0 0
4298278788 0 0 0
4298278801 0 0 0
4298278814 0 0 0
4298278827 0 0 0
4298278840 0 0 0
4298278853 0 0 0
4298278866 0 0 0
4298278879 0 0 0
4298278892 0 0 0
4298278905 4100 0 153
4298278918 13772 0 534
4298278931 5725 18 76
4298278944 1686 108 152
4298278957 3624 207 153
4298278970 0 0 0
4298278983 0 0 0
4298278996 0 0 0
4298279009 0 0 0
4298279022 0 0 0
4298279035 0 0 0
4298279048 0 0 0
4298279061 0 0 0
4298279074 0 0 0
4298279087 0 0 0
4298279100 0 0 0
4298279113 0 0 0
4298279126 0 0 0
4298279139 0 0 0
4298279152 0 0 0
4298279165 2005 206 230
4298279178 318 39 0
4298279191 1211 128 153
4298279204 2084 259 76
4298279217 1237 154 0
4298279230 145 33 0
4298279243 2552 363 76
4298279256 2438 370 0
4298279269 1654 278 153
4298279282 1608 275 76
4298279295 214 29 0
4298279308 2029 315 229
4298279321 1253 196 153
4298279334 766 162 306
4298279347 1393 406 152
4298279360 892 202 0
4298279373 973 223 76
4298279386 1745 358 229
4298279399 631 148 76
4298279412 116 22 76
4298279425 1306 303 0
4298279438 818 102 0
4298279451 86 51 0
4298279464 569 250 153
4298279477 608 220 0
4298279490 395 126 76
4298279503 390 116 230
4298279516 366 99 76
4298279529 670 136 0
4298279542 578 87 153
4298279555 302 105 0
4298279568 486 164 0
4298279581 354 98 0
4298279594 271 76 0
4298279607 812 219 76
4298279620 963 215 0
4298279633 9 8 0
4298279646 908 277 153
4298279659 1554 407 229
4298279672 194 65 0
4298279685 410 156 76
4298279699 1645 525 142
4298279711 197 65 0
4298279724 232 68 0
4298279737 526 166 76
4298279750 989 244 152
4298279763 431 134 228
4298279776 800 216 0
4298279789 118 35 0
4298279802 579 208 76
4298279815 506 168 0
4298279828 673 208 152
4298279841 140 42 0
4298279854 588 203 76
4298279867 870 252 228
4298279880 146 34 76
4298279893 254 79 0
4298279906 711 215 76
4298279919 1151 280 0
4298279932 278 64 0
4298279945 170 52 0
4298279958 859 276 229
4298279971 628 184 0
4298279984 462 160 76
4298279997 424 195 0
4298280010 780 275 0
4298280023 321 125 76
4298280036 576 235 152
4298280049 168 64 76
4298280062 258 135 76
4298280075 696 239 0
4298280088 384 183 0
4298280101 101 64 0
4298280114 344 146 229
4298280127 377 159 76
4298280140 412 154 0
4298280153 302 105 76
4298280166 402 169 76
4298280179 177 94 0
4298280192 312 116 0
4298280205 0 0 0
4298280218 51 20 0
4298280231 112 50 0
4298280244 283 101 0
4298280257 269 105 0
4298280270 282 119 76
4298280283 150 60 0
4298280296 369 152 76
4298280309 561 225 76
4298280322 406 148 0
4298280335 424 148 0
4298280348 238 93 76
4298280361 203 96 0
4298280374 510 236 0
4298280387 554 233 76
4298280400 222 105 0
4298280413 213 69 0
4298280426 428 159 76
4298280439 437 186 152
4298280452 175 74 0
4298280465 106 61 76
4298280478 111 49 0
4298280491 309 177 76
4298280504 326 181 76
4298280517 309 155 76
4298280530 298 140 76
4298280543 0 0 0
4298280556 0 0 0
4298280569 218 104 76
4298280582 76 37 0
4298280595 362 175 76
4298280608 339 139 152
4298280621 106 44 76
4298280634 299 168 76
4298280647 234 118 0
4298280660 218 114 76
4298280673 364 173 0
4298280686 373 182 76
4298280699 76 42 0
4298280712 200 93 152
4298280725 369 203 228
4298280738 201 108 0
4298280751 433 217 76
4298280764 269 143 76
4298280777 76 35 0
4298280790 341 178 0
4298280803 309 171 152
4298280816 307 186 76
4298280829 395 175 76
4298280842 127 81 0
4298280855 415 179 76
4298280868 356 172 0
4298280881 379 201 0
4298280894 109 56 0
4298280907 264 169 0
4298280920 487 250 0
4298280933 389 210 0
4298280946 197 83 0
4298280959 63 45 76
4298280972 332 187 76
4298280985 506 220 76
4298280998 210 122 0
4298281011 266 147 0
4298281024 332 186 0
4298281037 221 108 0
4298281050 299 178 76
4298281063 53 43 0
4298281076 214 125 152
4298281089 367 171 0
4298281102 416 208 152
4298281115 465 229 0
4298281128 339 189 76
4298281141 189 110 76
4298281154 223 120 0
4298281167 100 62 0
4298281180 161 89 0
4298281193 178 112 0
4298281206 193 137 76
4298281219 371 171 0
4298281232 148 80 0
4298281245 305 166 76
4298281258 134 102 0
4298281271 46 40 0
4298281284 236 122 153
4298281297 121 96 0
4298281310 220 117 0
4298281323 150 100 76
4298281336 158 96 0
4298281349 211 107 0
4298281362 131 78 0
4298281375 213 128 0
4298281388 170 82 76
4298281401 48 19 76
4298281414 190 121 0
4298281427 327 158 76
4298281440 151 110 0
4298281453 319 187 76
4298281466 323 206 76
4298281479 128 122 0
4298281492 61 37 0
4298281505 208 138 0
4298281518 307 176 152
4298281531 372 188 0
4298281544 276 128 0
4298281557 356 227 0
4298281570 164 84 76
4298281583 281 197 229
4298281596 129 97 76
4298281609 190 143 76
4298281622 291 192 153
4298281635 277 168 152
4298281648 202 116 76
4298281661 260 162 0
4298281674 268 153 228
4298281687 290 189 152
4298281700 249 140 76
4298281713 304 174 0
4298281726 206 141 76
4298281739 168 106 0
4298281752 399 223 228
4298281765 458 243 76
4298281778 307 161 152
4298281791 250 165 0
4298281804 315 211 76
4298281817 347 211 76
4298281830 341 219 229
4298281843 166 107 76
4298281856 255 178 0
4298281869 36 27 0
4298281882 28 28 0
4298281895 273 165 76
4298281908 339 210 0
4298281921 257 133 0
4298281934 275 173 76
4298281947 409 223 76
4298281960 392 240 76
4298281973 208 157 152
4298281986 303 208 76
4298281999 276 167 0
4298282012 223 135 0
4298282025 309 192 0
4298282038 187 106 0
4298282051 328 216 76
4298282064 408 280 76
4298282077 257 167 153
4298282090 147 87 0
4298282103 318 234 76
4298282116 202 122 0
4298282129 305 230 0
4298282142 203 141 152
4298282155 356 268 76
4298282168 175 141 153
4298282181 241 157 0
4298282194 353 220 152
4298282207 325 202 76
4298282220 270 177 76
4298282233 397 243 0
4298282246 215 139 0
4298282259 325 208 76
4298282272 328 234 152
4298282285 82 56 0
4298282298 338 234 0
4298282311 132 127 0
4298282324 367 253 152
4298282337 184 116 0
4298282350 315 197 152
4298282363 428 277 152
4298282376 373 278 153
4298282389 135 96 76
4298282402 314 214 76
4298282415 233 164 0
4298282428 211 152 76
4298282441 227 142 76
4298282454 208 115 153
4298282467 185 131 76
4298282480 131 119 76
4298282493 167 141 0
4298282506 54 67 0
4298282519 208 148 0
4298282532 48 50 0
4298282545 199 134 0
4298282558 223 133 76
4298282571 236 130 0
4298282584 178 111 76
4298282597 112 86 0
4298282610 167 100 76
4298282623 166 92 0
4298282636 137 90 0
4298282649 61 33 0
4298282662 269 158 76
4298282675 224 164 76
4298282688 195 149 153
4298282701 49 43 0
4298282714 47 42 0
4298282727 225 143 153
4298282740 151 115 152
4298282753 240 191 76
4298282766 262 193 0
4298282779 186 150 0
4298282792 126 78 0
4298282805 190 119 0
4298282818 315 217 76
4298282831 205 160 0
4298282844 219 136 76
4298282857 287 209 228
4298282870 94 57 76
4298282883 183 146 76
4298282896 349 259 152
4298282909 211 128 0
4298282922 51 31 0
4298282935 383 272 228
4298282948 415 319 76
4298282961 96 75 0
4298282974 340 250 76
4298282987 116 95 0
4298283000 252 200 228
4298283013 138 144 76
4298283026 315 238 76
4298283039 256 197 0
4298283052 158 110 152
4298283065 327 223 0
4298283078 361 267 152
4298283091 165 121 0
4298283104 104 80 76
4298283117 428 323 0
4298283130 365 284 152
4298283143 111 84 0
4298283156 180 140 76
4298283169 69 65 76
4298283182 298 229 76
4298283195 42 39 0
4298283208 201 160 76
4298283221 300 205 76
4298283234 461 352 76
4298283247 124 102 0
4298283260 407 301 76
4298283273 19 20 0
4298283286 179 127 0
4298283299 324 266 0
4298283312 309 206 76
4298283325 80 47 0
4298283338 84 69 0
4298283351 222 193 76
4298283364 320 240 76
4298283377 162 158 152
4298283390 268 220 76
4298283403 189 148 76
4298283416 126 110 0
4298283429 150 136 76
4298283442 381 294 152
4298283455 129 107 0
4298283468 161 123 0
4298283481 259 220 0
4298283494 322 301 0
4298283507 206 162 76
4298283520 297 234 228
4298283533 227 217 76
4298283546 0 2 0
4298283559 36 35 0
4298283572 138 125 152
4298283585 144 120 76
4298283598 318 247 76
4298283611 102 108 0
4298283624 378 325 76
4298283637 43 43 76
4298283650 420 354 76
4298283663 204 156 0
4298283676 345 305 152
4298283689 188 187 76
4298283702 388 280 76
4298283715 62 55 76
4298283728 168 143 0
4298283741 203 157 0
4298283754 237 219 0
4298283767 144 136 0
4298283780 325 267 305
4298283793 230 172 0
4298283806 280 211 76
4298283819 222 185 152
4298283832 144 133 76
4298283845 214 144 0
4298283858 61 61 0
4298283871 215 144 0
4298283884 198 191 76
4298283897 208 157 0
4298283910 28 24 0
4298283923 177 145 76
4298283936 174 138 0
4298283949 107 82 0
4298283962 140 123 0
4298283975 103 79 76
4298283988 33 39 0
4298284001 15 15 0
4298284014 43 33 76
4298284027 153 124 0
4298284040 160 145 152
4298284053 130 120 0
4298284066 101 73 0
4298284079 16 14 0
4298284092 102 98 76
4298284105 228 195 0
4298284118 176 168 76
4298284131 140 153 0
4298284144 232 212 76
4298284157 88 84 76
4298284170 173 135 0
4298284183 132 109 0
4298284196 84 76 76
4298284209 186 188 0
4298284222 147 155 76
4298284235 110 132 76
4298284248 98 89 152
4298284261 323 241 0
4298284274 192 160 0
4298284287 117 145 0
4298284300 5 6 0
4298284313 180 150 153
4298284326 252 274 76
4298284339 172 173 0
4298284352 71 77 76
4298284365 258 226 228
4298284378 324 302 76
4298284391 252 225 0
4298284404 64 51 0
4298284417 77 80 0
4298284430 233 181 76
4298284443 48 49 0
4298284456 12 12 0
4298284469 27 32 0
4298284482 14 13 0
4298284495 13 18 0
4298284508 24 25 0
4298284521 44 27 0
4298284534 44 38 0
4298284547 16 19 76
4298284560 9 16 0
4298284573 14 20 0
4298284586 4 11 76
4298284599 16 9 0
4298284612 61 54 0
4298284625 151 134 0
4298284638 13 13 0
4298284651 15 9 0
4298284664 9 8 0
4298284677 80 77 0
4298284690 177 186 0
4298284703 168 146 76
4298284716 124 140 0
4298284729 189 161 152
4298284742 120 114 76
4298284755 8 7 0
4298284768 3 3 0
4298284781 10 15 0
4298284794 10 10 76
4298284807 72 55 76
4298284820 153 135 0
4298284833 169 155 152
4298284846 131 104 0
4298284859 22 30 0
4298284872 10 10 0
4298284885 21 17 0
4298284898 23 14 0
4298284911 120 98 76
4298284924 106 118 0
4298284937 100 96 76
4298284950 159 165 0
4298284963 77 91 0
4298284976 16 11 0
4298284989 22 21 0
4298285002 35 46 0
4298285015 161 123 152
4298285028 139 127 76
4298285041 184 158 0
4298285054 152 114 0
4298285067 6 8 0
4298285080 9 10 0
4298285093 11 18 0
4298285106 48 44 0
4298285119 12 13 0
4298285132 4 9 0
4298285145 17 20 0
4298285158 6 3 0
4298285171 10 6 0
4298285184 19 14 0
4298285197 4 4 0
4298285210 1 2 0
4298285223 6 6 0
4298285236 7 6 0
4298285249 37 26 0
4298285262 11 18 0
4298285275 84 66 76
4298285288 76 75 0
4298285301 96 93 0
4298285314 57 51 0
4298285327 8 11 0
4298285340 48 53 0
4298285353 112 93 0
4298285366 104 98 76
4298285379 60 56 76
4298285392 80 71 0
4298285405 99 102 0
4298285418 8 10 0
4298285431 20 25 152
4298285444 70 77 0
4298285457 114 107 0
4298285470 125 105 76
4298285483 131 84 0
4298285496 58 72 76
4298285509 28 34 0
4298285522 112 104 0
4298285535 105 122 152
4298285548 86 65 152
4298285561 100 83 0
4298285574 103 122 76
4298285587 17 15 0
4298285600 39 26 0
4298285613 68 64 76
4298285626 89 84 76
4298285639 97 92 0
4298285652 219 158 76
4298285665 40 47 0
4298285678 4 3 0
4298285691 15 18 0
4298285704 39 25 0
4298285717 0 0 0
4298285730 48 59 0
4298285743 56 51 76
4298285756 85 87 76
4298285769 106 101 0
4298285782 115 121 0
4298285795 109 88 76
4298285808 34 30 0
4298285821 43 40 0
4298285834 94 85 76
4298285847 95 104 0
4298285860 97 100 76
4298285873 65 58 0
4298285886 96 89 0
4298285899 24 28 0
4298285912 38 51 0
4298285925 123 119 76
4298285938 113 88 0
4298285951 93 90 0
4298285964 129 128 76
4298285977 35 34 0
4298285990 38 37 0
4298286003 117 102 0
4298286016 135 113 0
4298286029 111 119 152
4298286042 119 118 0
4298286055 94 103 152
4298286068 25 15 0
4298286081 55 69 0
4298286094 90 97 0
4298286107 134 127 76
4298286120 170 137 0
4298286133 76 74 0
4298286146 2 9 0
4298286159 21 14 0
4298286172 21 19 0
4298286185 74 66 0
4298286198 85 89 0
4298286211 107 109 228
4298286224 77 70 0
4298286237 19 19 0
4298286250 57 80 76
4298286263 115 112 0
4298286276 110 115 0
4298286289 98 106 0
4298286302 26 22 0
4298286315 14 26 0
4298286328 99 92 76
4298286341 112 123 0
4298286354 111 131 76
4298286367 134 143 228
4298286380 118 118 0
4298286393 105 109 76
4298286406 51 44 0
4298286419 8 10 0
4298286432 3 7 0
4298286445 14 15 0
4298286458 14 24 0
4298286471 115 140 76
4298286484 118 138 0
4298286497 102 126 76
4298286510 117 134 0
4298286523 136 144 76
4298286536 117 118 0
4298286549 4 1 0
4298286562 6 4 0
4298286575 9 15 0
4298286588 15 22 0
4298286601 102 109 76
4298286614 172 150 76
4298286627 101 112 76
4298286640 164 163 0
4298286653 159 142 0
4298286666 156 155 0
4298286679 170 140 0
4298286692 101 121 152
4298286705 22 20 0
4298286718 81 94 0
4298286731 15 11 0
4298286744 30 38 76
4298286757 98 116 76
4298286770 146 149 76
4298286783 100 114 0
4298286796 12 18 0
4298286809 4 5 0
4298286822 8 5 0
4298286835 11 6 0
4298286848 2 3 0
4298286861 5 3 0
4298286874 9 11 0
4298286887 16 15 0
4298286900 42 41 0
4298286913 105 104 0
4298286926 105 118 76
4298286939 116 125 0
4298286952 110 84 0
4298286965 5 6 0
4298286978 2 6 0
4298286991 69 78 0
4298287004 93 102 0
4298287017 107 106 0
4298287030 83 95 0
4298287043 29 29 0
4298287056 8 4 0
4298287069 10 16 0
4298287082 52 60 0
4298287095 98 102 76
4298287108 77 125 76
4298287121 111 103 76
4298287134 74 79 76
4298287147 5 15 0
4298287160 38 33 0
4298287173 58 57 0
4298287186 80 101 0
4298287199 72 63 76
4298287212 72 75 0
4298287225 73 82 76
4298287238 30 45 0
4298287251 5 7 0
4298287264 0 6 0
4298287277 4 7 0
4298287290 12 9 0
4298287303 41 53 0
4298287316 92 86 76
4298287329 97 81 0
4298287342 78 100 76
4298287355 100 103 76
4298287368 106 100 76
4298287381 80 67 0
4298287394 1 3 0
4298287407 18 23 0
4298287420 95 100 0
4298287433 117 108 0
4298287446 105 120 0
4298287459 129 106 0
4298287472 10 8 0
4298287485 19 13 76
4298287498 9 12 0
4298287511 33 35 0
4298287524 25 37 0
4298287537 84 73 76
4298287550 119 122 0
4298287563 103 115 76
4298287576 122 106 76
4298287589 77 83 152
4298287602 80 88 76
4298287615 54 86 0
4298287628 13 12 0
4298287641 45 52 0
4298287654 81 99 76
4298287667 91 77 76
4298287680 124 107 0
4298287693 110 99 0
4298287706 37 35 0
4298287719 14 14 0
4298287732 57 75 0
4298287745 97 115 0
4298287758 14 30 76
4298287771 6 12 0
4298287784 30 29 76
4298287797 92 95 0
4298287810 105 93 76
4298287823 115 113 0
4298287836 129 128 0
4298287849 71 88 76
4298287862 1 3 0
4298287875 36 23 0
4298287888 23 24 0
4298287901 114 97 76
4298287914 100 106 0
4298287927 50 60 0
4298287940 96 100 152
4298287953 93 101 0
4298287966 114 101 0
4298287979 89 107 0
4298287992 102 103 0
4298288005 19 23 0
4298288018 24 28 0
4298288031 94 100 0
4298288044 126 126 152
4298288057 88 78 0
4298288070 114 113 0
4298288083 77 84 76
4298288096 5 5 0
4298288109 50 54 76
4298288122 93 116 76
4298288135 75 69 0
4298288148 11 16 0
4298288161 8 12 0
4298288174 7 6 0
4298288187 25 24 0
4298288200 54 71 76
4298288213 92 94 0
4298288226 82 81 0
4298288239 89 96 0
4298288252 28 47 0
4298288265 10 8 0
4298288278 27 28 0
4298288291 130 129 0
4298288304 92 107 0
4298288317 40 59 0
4298288330 8 17 0
4298288343 84 71 0
4298288356 74 98 0
4298288369 135 122 152
4298288382 95 117 76
4298288395 121 111 76
4298288408 24 14 0
4298288421 12 15 0
4298288434 20 10 0
4298288447 50 70 0
4298288460 141 127 0
4298288473 79 95 0
4298288486 97 114 0
4298288499 93 98 0
4298288512 64 90 0
4298288525 5 4 0
4298288538 14 27 0
4298288551 82 89 76
4298288564 108 107 0
4298288577 86 88 0
4298288590 113 115 0
4298288603 88 109 0
4298288616 71 84 76
4298288629 11 10 0
4298288642 25 23 0
4298288655 32 31 0
4298288668 58 79 76
4298288681 133 124 0
4298288694 71 84 0
4298288707 113 107 76
4298288720 106 117 0
4298288733 73 107 76
4298288746 2 3 76
4298288759 6 8 0
4298288772 6 10 0
4298288785 32 34 0
4298288798 63 85 0
4298288811 91 109 0
4298288824 94 114 76
4298288837 97 105 0
4298288850 100 121 152
4298288863 107 114 0
4298288876 115 110 229
4298288889 115 108 0
4298288902 86 115 152
4298288915 118 122 0
4298288928 90 103 0
4298288941 133 151 0
4298288954 153 148 76
4298288967 108 125 76
4298288980 132 139 0
4298288993 127 175 76
4298289006 116 137 76
4298289019 125 159 0
4298289032 112 108 76
4298289045 112 137 152
4298289058 132 165 76
4298289071 167 167 0
4298289084 105 123 0
4298289097 3 7 0
4298289110 34 44 0
4298289123 110 142 0
4298289136 125 161 0
4298289149 103 124 0
4298289162 76 61 0
4298289175 2 5 0
4298289188 29 34 0
4298289201 60 87 76
4298289214 86 106 0
4298289227 115 148 76
4298289240 71 81 76
4298289253 22 21 0
4298289266 76 110 0
4298289279 105 116 76
4298289292 101 111 0
4298289305 99 109 76
4298289318 42 48 0
4298289331 4 8 0
4298289344 33 42 0
4298289357 84 87 76
4298289370 82 123 76
4298289383 75 105 0
4298289396 100 95 0
4298289409 2 3 0
4298289422 3 6 0
4298289435 16 22 0
4298289448 49 74 0
4298289461 89 128 76
4298289474 87 116 152
4298289487 105 123 0
4298289500 11 16 0
4298289513 5 4 0
4298289526 21 31 0
4298289539 87 87 0
4298289552 48 70 0
4298289565 0 2 0
4298289578 24 40 76
4298289591 70 85 0
4298289604 63 90 0
4298289617 85 104 76
4298289630 4 1 0
4298289643 6 5 0
4298289656 9 6 76
4298289669 35 33 0
4298289682 67 81 0
4298289695 80 114 76
4298289708 76 99 0
4298289721 89 110 0
4298289734 46 37 0
4298289747 1 9 0
4298289760 14 17 0
4298289773 33 32 0
4298289786 59 61 0
4298289799 95 119 0
4298289812 107 118 76
4298289825 133 143 0
4298289838 31 20 0
4298289851 9 18 0
4298289864 13 9 0
4298289877 9 15 0
4298289890 61 44 0
4298289903 72 127 76
4298289916 107 123 76
4298289929 102 104 0
4298289942 6 6 0
4298289955 38 37 0
4298289968 80 92 76
4298289981 87 100 0
4298289994 99 120 0
4298290007 95 121 0
4298290020 28 39 0
4298290033 3 8 0
4298290046 62 58 76
4298290059 75 109 0
4298290072 121 123 76
4298290085 135 115 0
4298290098 79 96 0
4298290111 13 14 76
4298290124 22 20 0
4298290137 61 82 0
4298290150 99 96 0
4298290163 92 107 76
4298290176 103 123 152
4298290189 40 41 0
4298290202 25 16 0
4298290215 83 96 0
4298290228 115 124 0
4298290241 126 114 76
4298290254 95 96 0
4298290267 33 44 0
4298290280 76 86 0
4298290293 97 93 0
4298290306 111 118 0
4298290319 35 51 0
4298290332 17 19 0
4298290345 50 79 76
4298290358 65 60 0
4298290371 83 112 76
4298290384 130 124 0
4298290397 107 100 0
4298290410 24 37 76
4298290423 95 125 76
4298290436 142 119 0
4298290449 93 114 0
4298290462 20 22 0
4298290475 30 32 0
4298290488 89 100 0
4298290501 89 129 0
4298290514 55 63 76
4298290527 2 9 0
4298290540 31 30 0
4298290553 55 62 0
4298290566 87 101 0
4298290579 72 79 76
4298290592 0 3 0
4298290605 38 27 0
4298290618 79 76 0
4298290631 82 89 0
4298290644 56 84 76
4298290657 61 92 0
4298290670 72 91 0
4298290683 85 99 0
4298290696 87 82 0
4298290709 3 5 0
4298290722 18 9 0
4298290735 45 54 76
4298290748 80 76 0
4298290761 80 100 76
4298290774 90 116 152
4298290787 104 97 152
4298290800 61 85 0
4298290813 8 19 0
4298290826 111 122 152
4298290839 39 40 0
4298290852 17 14 0
4298290865 4 8 0
4298290878 3 9 0
4298290891 10 16 0
4298290904 3 6 0
4298290917 2 7 0
4298290930 1 7 76
4298290943 7 6 0
4298290956 2 6 0
4298290969 3 9 0
4298290982 7 6 0
4298290995 7 5 0
4298291008 34 35 76
4298291021 99 93 0
4298291034 99 110 152
4298291047 55 61 0
4298291060 5 10 0
4298291073 20 28 0
4298291086 121 127 0
4298291099 68 105 0
4298291112 87 107 0
4298291125 135 128 76
4298291138 38 45 0
4298291151 9 7 0
4298291164 11 18 0
4298291177 26 39 76
4298291190 101 101 76
4298291203 94 110 76
4298291216 70 98 76
4298291229 120 118 76
4298291242 16 19 0
4298291255 6 9 0
4298291268 4 7 0
4298291281 1 1 0
4298291294 7 8 0
4298291307 0 2 0
4298291320 9 3 0
4298291333 44 59 0
4298291346 55 58 76
4298291359 82 92 76
4298291372 84 102 76
4298291385 125 121 0
4298291398 65 97 0
4298291411 33 29 0
4298291424 0 2 0
4298291437 4 6 0
4298291450 13 18 0
4298291463 60 63 76
4298291476 35 35 76
4298291489 0 2 0
4298291502 3 7 0
4298291515 50 58 76
4298291528 67 78 0
4298291541 90 92 0
4298291554 62 90 76
4298291567 50 50 0
4298291580 2 6 0
4298291593 9 13 0
4298291606 69 91 0
4298291619 83 91 76
4298291632 75 90 0
4298291645 83 124 0
4298291658 101 103 0
4298291671 11 6 0
4298291684 5 9 0
4298291697 10 8 0
4298291710 30 44 0
4298291723 88 106 76
4298291736 84 88 76
4298291749 108 109 0
4298291762 55 71 0
4298291775 26 36 76
4298291788 68 58 76
4298291801 5 5 0
4298291814 32 28 0
4298291827 51 65 0
4298291840 85 78 0
4298291853 55 78 0
4298291866 79 104 0
4298291879 80 99 0
4298291892 43 54 0
4298291905 2 2 0
4298291918 12 14 0
4298291931 46 57 0
4298291944 94 98 0
4298291957 87 92 0
4298291970 64 101 0
4298291983 78 90 76
4298291996 83 78 0
4298292009 5 5 0
4298292022 11 14 0
4298292035 43 53 0
4298292048 70 83 0
4298292061 102 109 0
4298292074 75 100 305
4298292087 99 104 0
4298292100 42 62 0
4298292113 7 7 0
4298292126 27 33 0
4298292139 68 85 76
4298292152 59 76 0
4298292165 69 98 152
4298292178 69 92 0
4298292191 79 105 0
4298292204 29 39 0
4298292217 5 11 0
4298292230 51 59 152
4298292243 98 109 0
4298292256 75 94 0
4298292269 55 89 0
4298292282 77 111 0
4298292295 52 46 0
4298292308 6 11 0
4298292321 63 71 76
4298292334 90 90 0
4298292347 55 104 0
4298292360 46 82 76
4298292373 93 102 0
4298292386 76 91 76
4298292399 5 5 0
4298292412 14 20 0
4298292425 49 44 0
4298292438 78 91 0
4298292451 81 111 0
4298292464 84 111 0
4298292477 84 102 76
4298292490 74 97 0
4298292503 56 48 0
4298292516 8 11 0
4298292529 61 58 0
4298292542 94 107 76
4298292555 53 75 0
4298292568 122 126 76
4298292581 88 105 0
4298292594 25 37 0
4298292607 0 1 0
4298292620 0 2 0
4298292633 4 8 0
4298292646 23 22 0
4298292659 79 92 0
4298292672 88 95 76
4298292685 63 96 0
4298292698 81 89 0
4298292711 52 67 0
4298292724 0 3 0
4298292737 1 4 0
4298292750 9 9 0
4298292763 7 13 0
4298292776 9 18 0
4298292789 18 13 76
4298292802 8 8 0
4298292815 4 7 0
4298292828 1 6 0
4298292841 42 59 0
4298292854 98 106 0
4298292867 96 104 0
4298292880 74 103 76
4298292893 54 62 0
4298292906 19 16 0
4298292919 16 22 0
4298292932 88 85 0
4298292945 78 81 0
4298292958 91 107 0
4298292971 79 108 76
4298292984 102 106 152
4298292997 29 34 0
4298293010 4 8 0
4298293023 16 13 0
4298293036 45 54 0
4298293049 73 97 0
4298293062 83 103 76
4298293075 101 114 76
4298293088 88 105 0
4298293101 20 27 76
4298293114 16 11 0
4298293127 6 12 76
4298293140 46 57 0
4298293153 104 114 76
4298293166 95 106 152
4298293179 140 126 0
4298293192 108 101 0
4298293205 64 89 76
4298293218 11 19 0
4298293231 1 7 0
4298293244 29 35 0
4298293257 67 103 0
4298293270 80 107 0
4298293283 115 125 0
4298293296 127 119 152
4298293309 8 14 0
4298293322 12 15 76
4298293335 40 40 0
4298293348 78 108 76
4298293361 85 115 76
4298293374 88 102 152
4298293387 101 117 76
4298293400 39 73 76
4298293413 1 6 0
4298293426 8 15 0
4298293439 50 81 0
4298293452 80 103 0
4298293465 94 93 0
4298293478 85 98 76
4298293491 81 89 152
4298293504 9 15 0
4298293517 9 17 0
4298293530 70 69 0
4298293543 98 110 76
4298293556 112 101 76
4298293569 107 117 0
4298293582 12 23 0
4298293595 4 7 0
4298293608 54 54 76
4298293621 80 107 0
4298293634 100 110 0
4298293647 69 96 0
4298293660 101 140 0
4298293673 14 33 0
4298293686 4 7 76
4298293699 20 19 0
4298293712 34 46 0
4298293725 85 108 76
4298293738 86 98 0
4298293751 89 111 0
4298293764 67 85 76
4298293777 32 42 0
4298293790 7 6 0
4298293803 8 4 0
4298293816 72 69 0
4298293829 69 88 0
4298293842 58 85 0
4298293855 63 75 76
4298293868 74 79 0
4298293881 69 95 76
4298293894 74 79 0
4298293907 1 4 0
4298293920 10 7 0
4298293933 7 14 0
4298293946 11 7 0
4298293959 2 4 0
4298293972 2 2 0
4298293985 4 3 0
4298293998 19 15 0
4298294011 10 9 0
4298294024 16 14 0
4298294037 12 6 0
4298294050 8 8 0
4298294063 11 19 0
4298294076 54 51 76
4298294089 69 70 0
4298294102 60 66 0
4298294115 85 105 0
4298294128 65 91 76
4298294141 27 28 0
4298294154 5 8 76
4298294167 14 15 0
4298294180 48 73 0
4298294193 65 89 0
4298294206 59 83 153
4298294219 38 43 0
4298294232 63 72 76
4298294245 24 50 76
4298294258 65 76 0
4298294271 24 44 0
4298294284 5 7 0
4298294297 15 20 0
4298294310 27 41 0
4298294323 62 60 76
4298294336 80 101 76
4298294349 80 92 76
4298294362 44 65 0
4298294375 48 85 0
4298294388 29 54 0
4298294401 18 9 0
4298294414 11 25 0
4298294427 53 69 0
4298294440 100 116 76
4298294453 82 106 0
4298294466 94 101 76
4298294479 73 80 76
4298294492 9 20 0
4298294505 12 15 0
4298294518 37 43 0
4298294531 55 86 0
4298294544 74 74 0
4298294557 67 89 152
4298294570 67 81 0
4298294583 64 91 76
4298294596 42 56 0
4298294609 2 5 0
4298294622 4 7 0
4298294635 26 42 0
4298294648 60 72 0
4298294661 103 105 76
4298294674 57 80 0
4298294687 77 96 152
4298294700 90 106 76
4298294713 14 24 0
4298294726 8 9 0
4298294739 25 33 0
4298294752 62 66 0
4298294765 60 76 0
4298294778 56 84 0
4298294791 37 56 0
4298294804 77 80 0
4298294817 60 72 0
4298294830 50 76 76
4298294843 5 6 76
4298294856 5 15 0
4298294869 43 65 0
4298294882 72 71 0
4298294895 72 88 76
4298294908 54 84 76
4298294921 78 88 0
4298294934 55 83 0
4298294947 15 21 0
4298294960 15 11 0
4298294973 47 64 0
4298294986 103 108 76
4298294999 96 104 76
4298295012 71 95 76
4298295025 109 114 0
4298295038 9 11 0
4298295051 6 14 0
4298295064 47 86 0
4298295077 112 113 76
4298295090 79 102 76
4298295103 86 101 0
4298295116 97 104 0
4298295129 19 29 0
4298295142 3 4 0
4298295155 6 9 0
4298295168 21 38 0
4298295181 40 63 0
4298295194 53 70 76
4298295207 64 90 76
4298295220 91 107 76
4298295233 72 81 0
4298295246 45 66 0
4298295259 6 6 0
4298295272 17 13 0
4298295285 45 77 0
4298295298 70 93 0
4298295311 57 83 0
4298295324 40 54 0
4298295337 53 58 0
4298295350 58 69 0
4298295363 59 60 0
4298295376 1 1 0
4298295389 15 11 0
4298295402 20 25 0
4298295415 42 61 0
4298295428 49 63 0
4298295441 63 80 0
4298295454 84 80 0
4298295467 81 99 0
4298295480 82 94 0
4298295493 11 11 0
4298295506 26 29 0
4298295519 33 66 0
4298295532 61 91 0
4298295545 58 78 0
4298295558 52 72 0
4298295571 79 92 0
4298295584 66 92 0
4298295597 18 31 0
4298295610 1 2 0
4298295623 1 4 0
4298295636 1 4 0
4298295649 15 22 0
4298295662 80 86 0
4298295675 58 95 0
4298295688 71 98 0
4298295701 56 93 0
4298295714 95 102 0
4298295727 9 14 0
4298295740 33 40 152
4298295753 83 98 0
4298295766 36 85 76
4298295779 58 83 0
4298295792 81 112 0
4298295805 98 98 76
4298295818 31 43 76
4298295831 18 13 0
4298295844 2 5 0
4298295857 20 29 0
4298295870 80 97 76
4298295883 39 60 0
4298295896 55 64 0
4298295909 39 49 0
4298295922 55 82 76
4298295935 71 96 0
4298295948 34 46 0
4298295961 14 7 0
4298295974 11 21 0
4298295987 68 93 76
4298296000 81 119 152
4298296013 78 98 76
4298296026 72 99 76
4298296039 74 101 0
4298296052 5 17 0
4298296065 8 7 0
4298296078 29 36 0
4298296091 79 88 0
4298296104 65 85 76
4298296117 73 103 76
4298296130 103 91 76
4298296143 43 59 0
4298296156 44 49 76
4298296169 2 6 0
4298296182 4 5 0
4298296195 86 95 0
4298296208 101 101 228
4298296221 71 113 0
4298296234 80 96 0
4298296247 54 72 0
4298296260 5 6 0
4298296273 11 13 0
4298296286 60 74 76
4298296299 41 86 0
4298296312 80 74 76
4298296325 111 128 76
4298296338 68 103 76
4298296351 69 68 0
4298296364 7 7 0
4298296377 11 11 0
4298296390 32 41 0
4298296403 53 77 76
4298296416 85 107 0
4298296429 66 88 152
4298296442 96 113 0
4298296455 49 61 0
4298296468 2 7 0
4298296481 45 28 0
4298296494 80 101 228
4298296507 86 112 228
4298296520 94 107 76
4298296533 61 91 0
4298296546 45 76 0
4298296559 12 14 0
4298296572 7 7 0
4298296585 27 43 0
4298296598 63 83 76
4298296611 76 88 0
4298296624 89 108 0
4298296637 115 125 76
4298296650 50 67 76
4298296663 18 18 0
4298296676 35 51 76
4298296689 92 108 0
4298296702 121 138 0
4298296715 100 132 0
4298296728 90 93 0
4298296741 1 3 0
4298296754 17 17 0
4298296767 65 94 0
4298296780 82 98 0
4298296793 56 71 0
4298296806 74 84 76
4298296819 81 107 76
4298296832 47 60 0
4298296845 10 15 0
4298296858 54 85 76
4298296871 88 84 0
4298296884 11 24 0
4298296897 14 14 0
4298296910 18 13 0
4298296923 3 5 0
4298296936 12 8 0
4298296949 12 9 0
4298296962 3 3 0
4298296975 2 5 0
4298296988 6 8 0
4298297001 13 15 0
4298297014 18 17 0
4298297027 43 60 76
4298297040 72 93 76
4298297053 40 63 0
4298297066 6 11 0
4298297079 10 18 0
4298297092 39 59 0
4298297105 79 95 152
4298297118 75 97 152
4298297131 78 101 0
4298297144 84 114 152
4298297157 33 37 0
4298297170 8 12 0
4298297183 14 13 76
4298297196 45 76 76
4298297209 80 107 76
4298297222 99 104 0
4298297235 80 109 0
4298297248 74 90 0
4298297261 11 6 0
4298297274 6 5 0
4298297287 65 72 0
4298297300 62 97 0
4298297313 108 118 152
4298297326 71 86 0
4298297339 3 5 0
4298297352 8 8 0
4298297365 7 4 0
4298297378 6 8 0
4298297391 9 12 0
4298297404 14 12 0
4298297417 13 24 0
4298297430 64 73 76
4298297443 19 10 0
4298297456 2 4 76
4298297469 6 10 0
4298297482 23 26 0
4298297495 59 65 0
4298297508 65 84 76
4298297521 58 74 0
4298297534 47 84 0
4298297547 61 67 0
4298297560 59 93 0
4298297573 25 24 0
4298297586 0 4 0
4298297599 19 16 76
4298297612 26 32 0
4298297625 55 70 0
4298297638 63 83 0
4298297651 35 57 0
4298297664 63 80 0
4298297677 76 84 0
4298297690 28 49 0
4298297703 7 8 0
4298297716 0 0 0
4298297729 0 0 0
4298297742 27 28 76
4298297755 2 5 0
4298297768 24 19 0
4298297781 44 45 0
4298297794 34 82 0
4298297807 68 104 76
4298297820 72 97 0
4298297833 77 107 0
4298297846 39 37 0
4298297859 3 6 0
4298297872 3 6 0
4298297885 25 30 76
4298297898 31 69 0
4298297911 54 74 229
4298297924 72 92 76
4298297937 81 104 0
4298297950 73 92 76
4298297963 24 31 0
4298297976 1 1 0
4298297989 2 5 0
4298298002 7 9 0
4298298015 36 36 0
4298298028 74 76 0
4298298041 52 85 76
4298298054 19 22 0
4298298067 67 70 0
4298298080 70 103 76
4298298093 74 90 0
4298298106 1 4 0
4298298119 2 5 0
4298298132 23 40 0
4298298145 75 86 152
4298298158 84 95 0
4298298171 82 102 0
4298298184 68 85 76
4298298197 37 69 0
4298298210 1 2 0
4298298223 4 7 0
4298298236 2 6 0
4298298249 31 55 0
4298298262 57 89 0
4298298275 54 85 0
4298298288 78 93 0
4298298301 73 89 0
4298298314 68 93 0
4298298327 5 5 0
4298298340 8 11 76
4298298353 21 14 0
4298298366 37 46 0
4298298379 67 87 0
4298298392 63 75 76
4298298405 72 81 0
4298298418 66 96 0
4298298431 80 101 0
4298298444 0 0 0
4298298457 3 6 0
4298298470 3 7 0
4298298483 23 19 0
4298298496 32 44 0
4298298509 53 77 76
4298298522 61 70 0
4298298535 91 98 152
4298298548 87 101 0
4298298561 70 103 76
4298298574 65 83 0
4298298587 2 4 0
4298298600 9 14 0
4298298613 3 4 0
4298298626 11 20 0
4298298639 21 52 0
4298298652 49 63 0
4298298665 68 112 152
4298298678 65 87 76
4298298691 63 95 76
4298298704 34 40 0
4298298717 3 10 0
4298298730 12 12 0
4298298743 28 33 0
4298298756 41 63 76
4298298769 63 77 76
4298298782 54 79 0
4298298795 64 94 76
4298298808 63 92 0
4298298821 46 55 0
4298298834 2 4 0
4298298847 7 8 0
4298298860 25 27 76
4298298873 58 61 0
4298298886 54 80 76
4298298899 39 90 76
4298298912 58 82 76
4298298925 65 75 76
4298298938 78 76 0
4298298951 9 5 0
4298298964 11 7 0
4298298977 41 43 0
4298298990 59 71 0
4298299003 56 99 76
4298299016 78 103 76
4298299029 71 93 0
4298299042 59 88 152
4298299055 9 17 0
4298299068 1 3 0
4298299081 37 36 0
4298299094 55 88 76
4298299107 69 86 76
4298299120 69 98 76
4298299133 72 86 0
4298299146 57 95 0
4298299159 2 2 0
4298299172 3 8 0
4298299185 54 56 0
4298299198 81 95 152
4298299211 79 91 0
4298299224 107 119 76
4298299237 53 91 0
4298299250 52 58 0
4298299263 2 3 0
4298299276 8 9 0
4298299289 35 41 76
4298299302 29 40 0
4298299315 55 70 0
4298299328 54 97 152
4298299341 73 92 0
4298299354 62 99 76
4298299367 65 97 76
4298299380 46 44 152
4298299393 6 4 0
4298299406 27 58 0
4298299419 57 77 0
4298299432 61 86 76
4298299445 84 100 305
4298299458 68 95 0
4298299471 61 92 0
4298299484 22 30 0
4298299497 5 6 0
4298299510 35 34 0
4298299523 52 81 0
4298299536 64 87 0
4298299549 55 82 0
4298299562 86 93 0
4298299575 64 91 76
4298299588 36 57 0
4298299601 2 2 0
4298299614 22 32 0
4298299627 64 91 76
4298299640 59 81 0
4298299653 45 75 0
4298299666 61 91 0
4298299679 50 79 0
4298299692 42 63 0
4298299705 7 8 0
4298299718 2 6 76
4298299731 0 1 0
4298299744 8 19 0
4298299757 8 4 0
4298299770 12 15 0
4298299783 3 11 0
4298299796 5 5 0
4298299809 3 7 0
4298299822 9 18 0
4298299835 3 8 0
4298299848 5 8 0
4298299861 1 2 0
4298299874 5 8 0
4298299887 10 21 0
4298299900 29 33 76
4298299913 31 46 76
4298299926 29 39 76
4298299939 66 83 76
4298299952 69 103 152
4298299965 65 91 152
4298299978 0 4 0
4298299991 13 13 0
4298300004 15 37 0
4298300017 65 109 0
4298300030 85 96 0
4298300043 56 100 76
4298300056 65 100 0
4298300069 47 57 0
4298300082 4 8 0
4298300095 7 11 0
4298300108 55 69 0
4298300121 89 115 76
4298300134 87 101 0
4298300147 57 91 0
4298300160 75 113 76
4298300173 12 22 0
4298300186 4 3 0
4298300199 2 10 0
4298300212 16 35 76
4298300225 32 54 0
4298300238 84 98 0
4298300251 95 99 0
4298300264 65 97 0
4298300277 77 94 0
4298300290 66 67 0
4298300303 6 8 0
4298300316 21 30 0
4298300329 11 15 0
4298300342 6 11 0
4298300355 44 48 0
4298300368 43 66 152
4298300381 17 33 0
4298300394 27 43 0
4298300407 47 61 0
4298300420 49 66 0
4298300433 52 67 0
4298300446 63 79 76
4298300459 28 36 0
4298300472 3 5 0
4298300485 1 2 0
4298300498 7 9 0
4298300511 44 47 0
4298300524 42 59 0
4298300537 61 84 0
4298300550 41 75 0
4298300563 12 42 0
4298300576 50 83 152
4298300589 48 70 0
4298300602 55 40 76
4298300615 10 14 0
4298300628 3 5 0
4298300641 4 9 0
4298300654 3 7 0
4298300667 12 28 152
4298300680 48 68 0
4298300693 53 70 76
4298300706 29 46 0
4298300719 56 98 76
4298300732 70 92 0
4298300745 39 49 76
4298300758 35 43 0
4298300771 3 3 0
4298300784 16 7 0
4298300797 8 9 0
4298300810 19 20 0
4298300823 39 50 0
4298300836 63 85 0
4298300849 84 89 153
4298300862 45 73 76
4298300875 42 72 152
4298300888 61 70 0
4298300901 28 36 0
4298300914 3 3 0
4298300927 0 6 0
4298300940 1 2 0
4298300953 11 13 0
4298300966 34 45 0
4298300979 55 60 0
4298300992 27 51 0
4298301005 82 89 228
4298301018 77 85 0
4298301031 66 75 0
4298301044 58 71 76
4298301057 3 10 0
4298301070 9 9 0
4298301083 12 19 0
4298301096 38 68 0
4298301109 22 55 0
4298301122 53 78 152
4298301135 33 85 0
4298301148 59 70 0
4298301161 63 73 0
4298301174 11 25 0
4298301187 2 4 0
4298301200 21 28 0
4298301213 47 65 0
4298301226 68 100 0
4298301239 67 81 76
4298301252 57 83 0
4298301265 26 43 76
4298301278 4 3 0
4298301291 6 7 0
4298301304 12 11 0
4298301317 10 23 152
4298301330 31 50 0
4298301343 62 78 0
4298301356 49 96 76
4298301369 64 96 0
4298301382 61 98 0
4298301395 79 85 0
4298301408 63 91 76
4298301421 77 92 0
4298301434 71 89 76
4298301447 61 87 0
4298301460 34 70 0
4298301473 62 88 0
4298301486 67 102 76
4298301499 82 111 0
4298301512 82 109 76
4298301525 72 101 76
4298301538 90 119 0
4298301551 13 13 0
4298301564 44 60 0
4298301577 87 111 76
4298301590 81 114 76
4298301603 61 101 0
4298301616 57 81 0
4298301629 0 0 0
4298301642 0 0 0
4298301655 6 6 0
4298301668 4 4 0
4298301681 1 10 0
4298301694 61 62 0
4298301707 57 84 0
4298301720 67 91 0
4298301733 66 91 0
4298301746 72 97 0
4298301759 28 41 0
4298301772 3 8 0
4298301785 4 11 0
4298301798 43 57 0
4298301811 64 97 152
4298301824 56 97 0
4298301837 82 105 152
4298301850 58 95 76
4298301863 11 19 0
4298301876 11 10 0
4298301889 46 52 0
4298301902 39 86 0
4298301915 65 92 0
4298301928 82 112 76
4298301941 56 91 152
4298301954 16 20 0
4298301967 7 12 0
4298301980 48 62 0
4298301993 60 93 76
4298302006 74 78 76
4298302019 79 105 76
4298302032 74 98 0
4298302045 11 21 0
4298302058 6 15 0
4298302071 28 49 0
4298302084 54 71 76
4298302097 61 99 76
4298302110 86 94 152
4298302123 69 100 0
4298302136 45 86 0
4298302149 4 5 0
4298302162 36 40 76
4298302175 63 105 0
4298302188 95 112 0
4298302201 73 93 0
4298302214 88 103 0
4298302227 13 17 0
4298302240 8 8 0
4298302253 52 60 0
4298302266 60 96 0
4298302279 86 103 0
4298302292 66 109 0
4298302305 93 100 0
4298302318 5 4 0
4298302331 7 10 0
4298302344 46 73 76
4298302357 57 95 0
4298302370 69 98 0
4298302383 72 91 152
4298302396 76 104 0
4298302409 27 31 0
4298302422 10 9 0
4298302435 33 41 76
4298302448 72 84 0
4298302461 65 105 76
4298302474 32 41 0
4298302487 44 77 76
4298302500 73 114 0
4298302513 35 44 0
4298302526 6 11 0
4298302539 31 49 0
4298302552 53 89 0
4298302565 56 88 76
4298302578 84 105 0
4298302591 63 109 0
4298302604 44 64 0
4298302617 3 5 0
4298302630 11 16 0
4298302643 51 62 152
4298302656 78 93 0
4298302669 68 99 76
4298302682 84 112 0
4298302695 68 102 76
4298302708 11 13 0
4298302721 15 15 0
4298302734 2 6 0
4298302747 10 25 0
4298302760 65 87 76
4298302773 61 75 0
4298302786 73 104 0
4298302799 54 96 0
4298302812 47 65 0
4298302825 2 4 0
4298302838 7 7 0
4298302851 27 35 0
4298302864 38 84 76
4298302877 50 87 0
4298302890 49 106 152
4298302903 75 111 0
4298302916 61 71 152
4298302929 1 3 0
4298302942 7 10 0
4298302955 19 30 0
4298302968 51 82 0
4298302981 48 70 0
4298302994 86 104 76
4298303007 78 108 76
4298303020 86 104 76
4298303033 19 24 0
4298303046 7 11 0
4298303059 11 21 0
4298303072 28 63 0
4298303085 52 67 76
4298303098 63 100 152
4298303111 72 103 0
4298303124 47 88 76
4298303137 40 44 0
4298303150 9 12 0
4298303163 23 27 0
4298303176 54 80 0
4298303189 112 118 76
4298303202 80 108 76
4298303215 79 116 0
4298303228 45 59 0
4298303241 10 14 0
4298303254 4 6 76
4298303267 59 65 0
4298303280 66 102 76
4298303293 94 119 76
4298303306 67 100 76
4298303319 57 96 0
4298303332 5 4 0
4298303345 6 11 0
4298303358 66 92 0
4298303371 95 122 152
4298303384 119 110 76
4298303397 97 113 152
4298303410 50 77 0
4298303423 0 3 0
4298303436 27 30 76
4298303449 61 96 76
4298303462 55 110 0
4298303475 83 121 76
4298303488 86 119 76
4298303501 22 42 0
4298303514 6 8 0
4298303527 2 4 0
4298303540 4 2 0
4298303553 21 37 0
4298303566 60 79 0
4298303579 64 97 0
4298303592 62 100 0
4298303605 75 98 152
4298303618 19 30 0
4298303631 1 7 0
4298303644 4 7 0
4298303657 51 68 0
4298303670 89 107 152
4298303683 92 108 0
4298303696 73 85 0
4298303709 53 107 0
4298303722 84 107 76
4298303735 79 113 0
4298303748 76 117 0
4298303761 78 112 0
4298303774 92 130 76
4298303787 80 102 0
4298303800 91 132 76
4298303813 55 107 0
4298303826 109 124 76
4298303839 95 136 76
4298303852 71 142 0
4298303865 85 116 76
4298303878 93 119 76
4298303891 86 124 0
4298303904 97 126 0
4298303917 66 113 76
4298303930 82 121 76
4298303943 69 86 0
4298303956 5 8 0
4298303969 10 8 0
4298303982 9 20 0
4298303995 38 49 0
4298304008 80 87 152
4298304021 72 94 0
4298304034 70 85 76
4298304047 54 91 0
4298304060 66 101 0
4298304073 24 17 0
4298304086 6 7 0
4298304099 5 8 0
4298304112 3 6 0
4298304125 11 11 0
4298304138 35 53 0
4298304151 44 89 0
4298304164 59 104 0
4298304177 63 96 0
4298304190 45 72 76
4298304203 5 10 0
4298304216 30 40 0
4298304229 46 60 0
4298304242 62 113 228
4298304255 87 110 76
4298304268 74 108 152
4298304281 3 6 0
4298304294 14 19 0
4298304307 36 60 0
4298304320 59 83 0
4298304333 52 101 228
4298304346 69 100 0
4298304359 50 75 0
4298304372 0 4 0
4298304385 8 16 0
4298304398 28 46 0
4298304411 39 58 0
4298304424 56 82 0
4298304437 67 102 0
4298304450 88 111 229
4298304463 80 88 0
4298304476 7 7 0
4298304489 6 10 76
4298304502 60 81 76
4298304515 71 106 76
4298304528 76 124 76
4298304541 74 98 76
4298304554 70 94 76
4298304567 7 8 0
4298304580 6 11 0
4298304593 37 44 76
4298304606 57 98 76
4298304619 84 120 0
4298304632 33 57 0
4298304645 0 0 0
4298304658 34 42 76
4298304671 41 68 0
4298304684 49 68 152
4298304697 1 7 0
4298304710 3 4 0
4298304723 78 115 0
4298304736 85 109 76
4298304749 59 98 0
4298304762 76 97 0
4298304775 60 98 0
4298304788 2 5 0
4298304801 3 12 0
4298304814 8 20 0
4298304827 58 92 76
4298304840 61 91 76
4298304853 45 81 0
4298304866 101 123 0
4298304879 77 106 152
4298304892 20 25 76
4298304905 28 53 0
4298304918 72 99 0
4298304931 67 105 152
4298304944 65 121 0
4298304957 87 112 0
4298304970 38 55 0
4298304983 10 13 0
4298304996 12 21 0
4298305009 46 76 0
4298305022 72 84 228
4298305035 60 118 76
4298305048 63 113 0
4298305061 75 100 0
4298305074 7 9 0
4298305087 10 11 0
4298305100 19 29 0
4298305113 50 76 0
4298305126 62 82 0
4298305139 79 99 0
4298305152 67 121 0
4298305165 40 87 0
4298305178 10 17 0
4298305191 3 13 0
4298305204 23 39 76
4298305217 22 31 0
4298305230 31 67 76
4298305243 53 75 0
4298305256 44 73 0
4298305269 57 89 76
4298305282 60 90 0
4298305295 36 60 0
4298305308 8 5 0
4298305321 12 33 0
4298305334 40 69 0
4298305347 59 89 76
4298305360 58 95 0
4298305373 60 67 0
4298305386 76 100 76
4298305399 53 71 0
4298305412 0 2 0
4298305425 0 1 0
4298305438 42 42 0
4298305451 60 89 76
4298305464 64 96 76
4298305477 75 99 76
4298305490 73 108 0
4298305503 74 99 76
4298305516 5 8 0
4298305529 15 31 0
4298305542 71 105 0
4298305555 84 110 0
4298305568 53 86 76
4298305581 89 128 0
4298305594 53 58 76
4298305607 5 8 0
4298305620 38 49 0
4298305633 68 98 76
4298305646 94 129 76
4298305659 71 84 0
4298305672 67 111 0
4298305685 37 56 0
4298305698 2 11 0
4298305711 42 71 0
4298305724 79 114 0
4298305737 62 106 0
4298305750 61 109 0
4298305763 79 102 0
4298305776 38 50 0
4298305789 18 14 0
4298305802 5 6 0
4298305815 18 30 0
4298305828 68 77 0
4298305841 47 83 0
4298305854 72 87 0
4298305867 81 106 0
4298305880 37 47 76
4298305893 3 9 0
4298305906 54 84 0
4298305919 74 104 0
4298305932 83 105 76
4298305945 68 106 76
4298305958 100 119 76
4298305971 19 25 0
4298305984 1 4 0
4298305997 7 14 0
4298306010 27 50 0
4298306023 82 113 0
4298306036 61 86 0
4298306049 66 115 0
4298306062 81 131 0
4298306075 34 54 0
4298306088 69 102 0
4298306101 61 107 0
4298306114 89 136 0
4298306127 77 114 76
4298306140 74 96 0
4298306153 8 12 0
4298306166 7 8 0
4298306179 25 28 0
4298306192 67 121 0
4298306205 72 114 0
4298306218 55 104 0
4298306231 88 119 76
4298306244 10 25 0
4298306257 6 11 0
4298306270 26 40 0
4298306283 78 121 0
4298306296 57 91 76
4298306309 92 118 0
4298306322 112 139 76
4298306335 18 15 0
4298306348 10 11 0
4298306361 63 72 0
4298306374 96 128 76
4298306387 106 123 76
4298306400 66 113 76
4298306413 57 80 0
4298306426 3 14 0
4298306439 58 66 0
4298306452 72 116 0
4298306465 74 122 76
4298306478 65 107 0
4298306491 82 116 0
4298306504 13 18 0
4298306517 9 13 0
4298306530 11 22 0
4298306543 100 122 76
4298306556 58 108 0
4298306569 80 126 76
4298306582 81 106 153
4298306595 4 5 0
4298306608 18 27 0
4298306621 46 82 0
4298306634 69 108 76
4298306647 74 116 76
4298306660 36 54 76
4298306673 67 89 0
4298306686 19 47 0
4298306699 8 15 0
4298306712 32 59 0
4298306725 55 92 0
4298306738 84 137 76
4298306751 103 139 76
4298306764 70 92 76
4298306777 2 4 0
4298306790 18 24 76
4298306803 76 126 0
4298306816 99 126 0
4298306829 96 111 76
4298306842 86 106 0
4298306855 5 14 0
4298306868 4 8 0
4298306881 50 73 152
4298306894 78 112 76
4298306907 83 102 0
4298306920 78 120 0
4298306933 51 93 0
4298306946 10 9 0
4298306959 16 36 0
4298306972 95 121 0
4298306985 63 106 0
4298306998 72 108 76
4298307011 71 97 76
4298307024 2 3 0
4298307037 16 29 0
4298307050 76 108 0
4298307063 82 137 76
4298307076 82 133 0
4298307089 68 105 76
4298307102 3 7 0
4298307115 9 18 0
4298307128 41 81 0
4298307141 73 130 76
4298307154 75 117 0
4298307167 81 111 152
4298307180 30 44 0
4298307193 14 15 76
4298307206 34 49 0
4298307219 69 118 76
4298307232 105 133 0
4298307245 82 116 0
4298307258 64 71 76
4298307271 2 17 0
4298307284 34 65 0
4298307297 64 103 0
4298307310 73 101 76
4298307323 65 99 0
4298307336 60 106 76
4298307349 1 7 0
4298307362 15 20 76
4298307375 75 96 0
4298307388 60 103 76
4298307401 56 104 152
4298307414 75 109 76
4298307427 46 63 76
4298307440 10 15 0
4298307453 85 95 0
4298307466 73 112 76
4298307479 54 87 0
4298307492 62 94 152
4298307505 67 81 0
4298307518 2 10 0
4298307531 31 53 0
4298307544 82 124 76
4298307557 77 112 0
4298307570 94 135 0
4298307583 54 86 76
4298307596 2 4 0
4298307609 19 23 0
4298307622 49 89 76
4298307635 94 130 76
4298307648 87 115 152
4298307661 90 122 76
4298307674 7 9 0
4298307687 6 7 0
4298307700 3 11 0
4298307713 8 17 0
4298307726 60 79 76
4298307739 103 131 0
4298307752 75 108 0
4298307765 62 105 76
4298307778 42 58 0
4298307791 63 101 0
4298307804 15 27 0
4298307817 32 42 0
4298307830 14 27 0
4298307843 16 32 76
4298307856 73 113 0
4298307869 92 130 0
4298307882 72 114 152
4298307895 54 70 76
4298307908 20 37 0
4298307921 45 74 76
4298307934 34 47 0
4298307947 86 137 76
4298307960 72 119 76
4298307973 80 117 76
4298307986 75 126 0
4298307999 36 66 0
4298308012 7 8 0
4298308025 9 14 0
4298308038 12 37 0
4298308051 38 70 76
4298308064 89 124 76
4298308077 98 111 76
4298308090 61 96 0
4298308103 9 7 0
4298308116 49 98 0
4298308129 48 112 0
4298308142 77 121 153
4298308155 105 131 76
4298308168 21 36 0
4298308181 8 12 0
4298308194 17 54 0
4298308207 81 112 0
4298308220 84 133 0
4298308233 68 106 0
4298308246 46 75 76
4298308259 4 6 76
4298308272 16 29 152
4298308285 54 111 76
4298308298 71 101 0
4298308311 70 95 0
4298308324 97 141 152
4298308337 15 21 0
4298308350 10 20 0
4298308363 39 82 0
4298308376 85 102 0
4298308389 59 95 76
4298308402 60 92 0
4298308415 58 103 0
4298308428 2 2 0
4298308441 8 16 76
4298308454 46 79 228
4298308467 63 106 76
4298308480 77 131 152
4298308493 91 149 0
4298308506 16 40 0
4298308519 2 11 0
4298308532 31 52 0
4298308545 93 121 76
4298308558 70 90 152
4298308571 63 85 0
4298308584 88 122 76
4298308597 24 30 0
4298308610 3 11 0
4298308623 52 77 0
4298308636 82 124 0
4298308649 65 111 0
4298308662 30 59 0
4298308675 67 98 76
4298308688 36 39 0
4298308701 4 15 0
4298308714 28 57 0
4298308727 83 111 0
4298308740 84 121 0
4298308753 89 127 76
4298308766 72 94 0
4298308779 4 6 0
4298308792 30 59 153
4298308805 58 92 76
4298308818 93 113 153
4298308831 59 89 0
4298308844 90 126 152
4298308857 12 12 0
4298308870 0 6 0
4298308883 24 36 0
4298308896 69 105 0
4298308909 80 131 76
4298308922 75 125 0
4298308935 61 102 0
4298308948 3 5 0
4298308961 8 12 0
4298308974 18 37 0
4298308987 10 34 0
4298309000 43 63 0
4298309013 39 70 0
4298309026 100 130 153
4298309039 73 111 0
4298309052 20 27 0
4298309065 11 12 0
4298309078 69 112 76
4298309091 74 119 0
4298309104 67 118 76
4298309117 79 119 76
4298309130 21 42 0
4298309143 0 0 0
4298309156 13 25 152
4298309169 69 123 0
4298309182 63 115 0
4298309195 66 111 76
4298309208 95 131 0
4298309221 2 5 0
4298309234 8 23 0
4298309247 64 113 76
4298309260 78 134 0
4298309273 76 114 0
4298309286 106 127 0
4298309299 5 12 0
4298309312 7 11 0
4298309325 17 37 0
4298309338 53 92 0
4298309351 67 101 0
4298309364 80 107 76
4298309377 87 116 76
4298309390 40 53 0
4298309403 2 6 0
4298309416 26 25 0
4298309429 85 122 0
4298309442 58 96 76
4298309455 40 59 0
4298309468 39 95 76
4298309481 84 115 76
4298309494 5 6 0
4298309507 18 26 0
4298309520 79 85 0
4298309533 46 69 0
4298309546 55 83 76
4298309559 42 79 0
4298309572 50 79 0
4298309585 42 61 0
4298309598 27 31 0
4298309611 12 14 0
4298309624 29 50 0
4298309637 26 67 76
4298309650 49 82 152
4298309663 50 92 76
4298309676 58 101 76
4298309689 51 90 0
4298309702 5 14 0
4298309715 9 13 0
4298309728 30 52 0
4298309741 55 90 76
4298309754 56 113 0
4298309767 86 113 0
4298309780 66 109 76
4298309793 24 23 0
4298309806 3 17 0
4298309819 39 57 0
4298309832 48 94 0
4298309845 50 105 76
4298309858 81 117 0
4298309871 57 88 229
4298309884 32 53 0
4298309897 59 114 76
4298309910 65 106 0
4298309923 73 124 0
4298309936 64 103 0
4298309949 48 77 0
4298309962 3 9 0
4298309975 7 7 0
4298309988 45 42 0
4298310001 73 86 76
4298310014 61 101 0
4298310027 68 111 0
4298310040 80 105 0
4298310053 26 43 0
4298310066 5 6 76
4298310079 32 54 76
4298310092 87 107 0
4298310105 62 111 76
4298310118 58 104 76
4298310131 78 109 76
4298310144 41 54 0
4298310157 3 4 0
4298310170 15 20 0
4298310183 43 70 0
4298310196 68 88 76
4298310209 70 122 0
4298310222 56 100 0
4298310235 57 87 0
4298310248 12 7 0
4298310261 6 5 0
4298310274 39 44 0
4298310287 48 98 0
4298310300 79 126 0
4298310313 62 91 0
4298310326 71 95 0
4298310339 43 80 0
4298310352 2 5 0
4298310365 17 8 0
4298310378 40 87 0
4298310391 59 113 76
4298310404 64 102 0
4298310417 66 110 0
4298310430 78 105 0
4298310443 1 4 0
4298310456 7 9 0
4298310469 21 37 0
4298310482 46 67 76
4298310495 62 92 76
4298310508 48 74 0
4298310521 46 75 76
4298310534 58 77 0
4298310547 58 89 0
4298310560 12 17 0
4298310573 9 5 0
4298310586 43 60 152
4298310599 52 72 0
4298310612 47 72 0
4298310625 53 93 0
4298310638 44 90 76
4298310651 59 103 76
4298310664 10 28 0
4298310677 0 5 0
4298310690 0 3 0
4298310703 14 32 76
4298310716 44 90 0
4298310729 79 101 76
4298310742 89 127 76
4298310755 73 121 0
4298310768 50 77 0
4298310781 8 14 0
4298310794 14 22 0
4298310807 45 83 0
4298310820 61 98 0
4298310833 57 82 76
4298310846 81 122 152
4298310859 64 89 0
4298310872 20 35 0
4298310885 16 18 0
4298310898 22 30 0
4298310911 62 103 76
4298310924 65 102 76
4298310937 60 122 0
4298310950 59 95 76
4298310963 36 57 0
4298310976 6 12 0
4298310989 31 50 0
4298311002 76 118 0
4298311015 65 96 152
4298311028 70 94 76
4298311041 74 116 0
4298311054 36 56 0
4298311067 0 8 0
4298311080 6 13 0
4298311093 19 46 0
4298311106 53 97 228
4298311119 52 91 0
4298311132 82 108 76
4298311145 75 129 0
4298311158 16 18 0
4298311171 11 8 0
4298311184 9 23 0
4298311197 30 59 76
4298311210 61 78 0
4298311223 61 116 0
4298311236 82 122 152
4298311249 54 84 0
4298311262 21 24 0
4298311275 10 14 0
4298311288 41 60 0
4298311301 65 99 0
4298311314 41 74 0
4298311327 54 93 0
4298311340 77 117 152
4298311353 38 71 0
4298311366 11 8 0
4298311379 15 18 0
4298311392 42 72 0
4298311405 60 120 76
4298311418 74 128 76
4298311431 90 115 0
4298311444 42 54 0
4298311457 11 11 0
4298311470 20 31 0
4298311483 62 91 0
4298311496 58 96 152
4298311509 77 100 76
4298311522 77 118 76
4298311535 54 81 0
4298311548 3 8 0
4298311561 17 18 76
4298311574 36 62 0
4298311587 48 81 76
4298311600 58 87 0
4298311613 82 105 0
4298311626 64 108 0
4298311639 34 41 76
4298311652 6 7 0
4298311665 17 27 152
4298311678 53 75 0
4298311691 41 71 76
4298311704 57 104 229
4298311717 39 61 0
4298311730 45 59 0
4298311743 49 65 76
4298311756 36 42 0
4298311769 2 8 0
4298311782 14 36 0
4298311795 41 82 0
4298311808 60 87 76
4298311821 66 85 76
4298311834 49 75 152
4298311847 58 75 153
4298311860 51 57 0
4298311873 8 15 0
4298311886 2 7 0
4298311899 10 31 0
4298311912 58 82 152
4298311925 52 75 76
4298311938 50 93 76
4298311951 37 63 152
4298311964 46 64 0
4298311977 49 74 0
4298311990 22 33 0
4298312003 4 12 0
4298312016 14 20 0
4298312029 33 58 0
4298312042 54 77 0
4298312055 35 48 0
4298312068 48 60 76
4298312081 33 63 0
4298312094 32 39 0
4298312107 28 61 0
4298312120 44 69 0
4298312133 37 33 0
4298312146 8 8 0
4298312159 5 4 0
4298312172 32 35 76
4298312185 21 35 0
4298312198 25 44 0
4298312211 44 72 153
4298312224 32 58 0
4298312237 60 80 0
4298312250 37 73 0
4298312263 46 63 76
4298312276 20 26 76
4298312289 56 62 0
4298312302 57 96 0
4298312315 69 105 76
4298312328 42 86 76
4298312341 46 85 0
4298312354 60 93 76
4298312367 11 17 0
4298312380 6 9 0
4298312393 29 49 0
4298312406 78 112 76
4298312419 44 91 0
4298312432 72 106 0
4298312445 86 120 76
4298312458 12 20 0
4298312471 4 9 0
4298312484 27 69 0
4298312497 58 109 0
4298312510 60 99 76
4298312523 77 104 76
4298312536 47 105 76
4298312549 27 50 76
4298312562 0 5 0
4298312575 7 16 0
4298312588 31 49 0
4298312601 58 83 0
4298312614 51 119 0
4298312627 50 104 76
4298312640 47 76 0
4298312653 39 57 0
4298312666 1 5 0
4298312679 4 10 76
4298312692 43 72 76
4298312705 46 88 76
4298312718 73 99 0
4298312731 68 124 152
4298312744 69 114 76
4298312757 10 12 0
4298312770 5 17 0
4298312783 28 55 0
4298312796 83 126 76
4298312809 61 110 0
4298312822 83 124 0
4298312835 57 91 0
4298312848 8 14 0
4298312861 10 21 0
4298312874 64 117 0
4298312887 90 122 0
4298312900 95 126 0
4298312913 75 108 153
4298312926 19 30 0
4298312939 0 4 0
4298312952 19 24 0
4298312965 87 132 76
4298312978 95 138 76
4298312991 75 117 76
4298313004 70 104 76
4298313017 1 7 0
4298313030 2 10 0
4298313043 89 113 0
4298313056 53 112 76
4298313069 62 93 0
4298313082 71 115 0
4298313095 67 88 76
4298313108 5 4 0
4298313121 4 7 0
4298313134 18 33 76
4298313147 57 99 76
4298313160 87 120 0
4298313173 56 105 0
4298313186 75 113 0
4298313199 29 52 0
4298313212 4 6 0
4298313225 3 19 0
4298313238 66 101 76
4298313251 61 113 0
4298313264 66 130 0
4298313277 66 131 0
4298313290 9 25 0
4298313303 4 15 0
4298313316 31 54 0
4298313329 76 109 76
4298313342 44 61 0
4298313355 84 119 0
4298313368 59 100 0
4298313381 54 68 0
4298313394 3 8 0
4298313407 11 21 76
4298313420 74 92 0
4298313433 81 118 0
4298313446 63 117 0
4298313459 82 139 0
4298313472 42 51 0
4298313485 3 11 0
4298313498 7 16 0
4298313511 69 112 0
4298313524 62 102 0
4298313537 83 128 152
4298313550 64 111 76
4298313563 31 53 0
4298313576 4 15 0
4298313589 29 30 0
4298313602 64 86 76
4298313615 66 108 152
4298313628 34 65 0
4298313641 77 93 0
4298313654 79 123 76
4298313667 12 14 0
4298313680 0 7 0
4298313693 7 10 0
4298313706 1 13 0
4298313719 27 61 76
4298313732 61 116 0
4298313745 54 108 76
4298313758 102 129 0
4298313771 48 85 0
4298313784 9 10 0
4298313797 24 49 0
4298313810 69 113 76
4298313823 70 121 0
4298313836 56 117 76
4298313849 97 114 152
4298313862 11 17 0
4298313875 13 13 0
4298313888 18 28 0
4298313901 18 36 0
4298313914 75 128 0
4298313927 76 118 0
4298313940 98 128 76
4298313953 53 84 0
4298313966 0 5 0
4298313979 19 35 0
4298313992 41 67 0
4298314005 65 112 0
4298314018 65 124 152
4298314031 57 109 0
4298314044 61 83 0
4298314057 24 43 0
4298314070 27 55 0
4298314083 41 72 76
4298314096 72 108 0
4298314109 49 69 0
4298314122 44 66 0
4298314135 21 55 0
4298314148 60 91 0
4298314161 13 20 0
4298314174 7 9 0
4298314187 49 86 152
4298314200 58 105 0
4298314213 84 135 76
4298314226 56 110 76
4298314239 54 88 228
4298314252 2 11 0
4298314265 41 53 0
4298314278 64 84 0
4298314291 51 86 76
4298314304 40 80 0
4298314317 72 106 0
4298314330 42 65 0
4298314343 43 65 0
4298314356 0 1 0
4298314369 0 2 0
4298314382 14 15 0
4298314395 31 61 0
4298314408 35 76 76
4298314421 35 60 0
4298314434 39 59 0
4298314447 36 63 0
4298314460 34 56 0
4298314473 41 58 76
4298314486 33 64 76
4298314499 0 1 0
4298314512 18 19 0
4298314525 29 46 76
4298314538 37 56 0
4298314551 55 74 0
4298314564 54 75 76
4298314577 63 85 0
4298314590 34 69 0
4298314603 46 78 0
4298314616 22 23 0
4298314629 22 31 0
4298314642 48 89 76
4298314655 46 75 0
4298314668 64 105 76
4298314681 74 124 153
4298314694 42 78 0
4298314707 5 26 0
4298314720 58 108 0
4298314733 90 128 152
4298314746 102 142 76
4298314759 66 107 0
4298314772 21 40 0
4298314785 3 11 0
4298314798 17 45 0
4298314811 64 96 0
4298314824 75 117 0
4298314837 98 127 76
4298314850 71 115 76
4298314863 14 11 0
4298314876 8 19 0
4298314889 43 64 0
4298314902 42 74 0
4298314915 45 68 0
4298314928 39 68 0
4298314941 47 81 0
4298314954 35 80 0
4298314967 28 61 0
4298314980 2 3 0
4298314993 3 3 0
4298315006 8 19 76
4298315019 27 60 0
4298315032 52 77 0
4298315045 39 68 76
4298315058 51 76 0
4298315071 67 97 76
4298315084 57 87 0
4298315097 15 34 0
4298315110 2 5 0
4298315123 7 12 0
4298315136 21 34 0
4298315149 51 84 0
4298315162 37 77 76
4298315175 55 81 0
4298315188 44 101 76
4298315201 85 102 0
4298315214 24 32 0
4298315227 5 9 0
4298315240 7 16 0
4298315253 46 76 76
4298315266 54 95 76
4298315279 59 106 76
4298315292 53 97 76
4298315305 49 101 0
4298315318 11 20 0
4298315331 12 21 0
4298315344 28 42 0
4298315357 60 96 0
4298315370 47 99 0
4298315383 54 91 76
4298315396 68 109 76
4298315409 48 63 0
4298315422 0 2 0
4298315435 1 6 0
4298315448 17 29 0
4298315461 40 47 0
4298315474 20 27 0
4298315487 14 15 0
4298315500 0 0 0
4298315513 48 76 0
4298315526 79 118 0
4298315539 72 100 0
4298315552 73 119 152
4298315565 12 18 0
4298315578 7 9 0
4298315591 24 37 0
4298315604 43 70 0
4298315617 24 62 0
4298315630 37 73 0
4298315643 53 99 0
4298315656 64 95 0
4298315669 53 75 0
4298315682 5 4 0
4298315695 1 9 0
4298315708 35 69 76
4298315721 51 95 0
4298315734 68 107 76
4298315747 46 93 0
4298315760 53 95 76
4298315773 41 83 76
4298315786 5 6 0
4298315799 7 18 76
4298315812 46 72 76
4298315825 56 100 0
4298315838 45 92 0
4298315851 61 97 0
4298315864 77 113 0
4298315877 18 25 0
4298315890 1 2 0
4298315903 21 40 0
4298315916 63 79 0
4298315929 98 124 76
4298315942 61 101 0
4298315955 88 130 76
4298315968 38 62 0
4298315981 4 8 0
4298315994 13 18 0
4298316007 58 112 0
4298316020 63 105 0
4298316033 106 131 0
4298316046 84 125 76
4298316059 21 21 0
4298316072 12 26 76
4298316085 44 79 76
4298316098 79 115 76
4298316111 62 112 228
4298316124 78 130 76
4298316137 59 105 76
4298316150 6 6 0
4298316163 12 23 0
4298316176 57 74 76
4298316189 41 83 0
4298316202 59 103 0
4298316215 66 121 0
4298316228 23 30 76
4298316241 6 10 0
4298316254 7 12 0
4298316267 62 89 0
4298316280 67 119 76
4298316293 70 109 0
4298316306 91 111 76
4298316319 11 22 0
4298316332 1 5 0
4298316345 22 30 0
4298316358 43 67 0
4298316371 42 85 0
4298316384 64 128 0
4298316397 80 120 0
4298316410 68 112 0
4298316423 4 7 0
4298316436 14 20 0
4298316449 28 61 76
4298316462 73 103 152
4298316475 51 113 0
4298316488 80 138 76
4298316501 62 113 0
4298316514 15 10 0
4298316527 1 5 0
4298316540 23 35 0
4298316553 45 90 0
4298316566 52 108 0
4298316579 66 94 0
4298316592 75 109 0
4298316605 70 100 76
4298316618 2 2 0
4298316631 5 17 0
4298316644 35 51 76
4298316657 41 92 76
4298316670 65 98 76
4298316683 43 107 76
4298316696 60 118 0
4298316709 47 63 0
4298316722 0 2 0
4298316735 2 3 0
4298316748 8 14 0
4298316761 47 86 0
4298316774 91 118 152
4298316787 102 123 0
4298316800 89 109 0
4298316813 64 94 153
4298316826 6 12 0
4298316839 5 7 0
4298316852 14 24 0
4298316865 49 83 0
4298316878 66 117 76
4298316891 69 104 0
4298316904 70 128 76
4298316917 60 117 0
4298316930 10 16 0
4298316943 3 8 0
4298316956 22 39 228
4298316969 43 70 76
4298316982 66 104 228
4298316995 75 138 0
4298317008 73 114 0
4298317021 33 57 76
4298317034 16 18 0
4298317047 38 63 0
4298317060 77 109 76
4298317073 80 120 76
4298317086 67 111 0
4298317099 75 132 0
4298317112 11 19 0
4298317125 3 6 0
4298317138 16 26 0
4298317151 39 76 76
4298317164 64 122 0
4298317177 56 124 0
4298317190 57 102 76
4298317203 55 116 0
4298317216 5 11 0
4298317229 8 8 0
4298317242 15 23 76
4298317255 45 89 0
4298317268 79 104 76
4298317281 78 102 228
4298317294 87 118 0
4298317307 48 92 0
4298317320 0 2 0
4298317333 22 21 0
4298317346 30 66 76
4298317359 60 130 76
4298317372 59 123 0
4298317385 83 123 0
4298317398 48 64 0
4298317411 11 19 0
4298317424 21 56 0
4298317437 68 110 76
4298317450 66 119 0
4298317463 35 70 0
4298317476 65 112 0
4298317489 52 68 0
4298317502 2 7 0
4298317515 17 27 0
4298317528 30 53 76
4298317541 46 82 0
4298317554 71 125 0
4298317567 79 124 0
4298317580 65 126 0
4298317593 22 33 0
4298317606 12 18 0
4298317619 86 136 76
4298317632 67 109 0
4298317645 81 118 76
4298317658 77 115 0
4298317671 25 35 0
4298317684 2 4 0
4298317697 17 36 76
4298317710 67 101 76
4298317723 33 65 0
4298317736 66 89 76
4298317749 40 83 0
4298317762 66 106 0
4298317775 24 47 0
4298317788 6 7 0
4298317801 27 38 0
4298317814 58 102 76
4298317827 60 108 76
4298317840 67 107 0
4298317853 53 111 76
4298317866 65 80 152
4298317879 4 13 0
4298317892 6 10 0
4298317905 35 54 0
4298317918 58 122 0
4298317931 65 116 76
4298317944 75 121 0
4298317957 74 121 0
4298317970 5 13 0
4298317983 0 2 0
4298317996 26 36 0
4298318009 11 24 0
4298318022 27 31 0
4298318035 60 135 76
4298318048 55 123 0
4298318061 51 104 0
4298318074 61 103 0
4298318087 6 7 0
4298318100 16 19 0
4298318113 45 75 76
4298318126 73 122 0
4298318139 65 125 76
4298318152 53 110 0
4298318165 57 100 0
4298318178 4 9 0
4298318191 9 11 0
4298318204 38 75 76
4298318217 58 109 76
4298318230 66 128 0
4298318243 70 129 76
4298318256 63 100 76
4298318269 4 6 0
4298318282 13 13 0
4298318295 67 99 76
4298318308 86 121 0
4298318321 86 121 152
4298318334 72 121 0
4298318347 32 53 0
4298318360 8 10 0
4298318373 11 21 0
4298318386 30 56 0
4298318399 41 88 228
4298318412 68 117 0
4298318425 60 105 0
4298318438 82 135 0
4298318451 17 23 0
4298318464 16 17 0
4298318477 13 23 0
4298318490 28 59 0
4298318503 50 103 0
4298318516 65 107 152
4298318529 90 145 0
4298318542 43 102 0
4298318555 1 4 0
4298318568 8 20 0
4298318581 46 101 76
4298318594 70 120 0
4298318607 76 108 76
4298318620 71 134 0
4298318633 49 84 0
4298318646 11 12 0
4298318659 20 15 0
4298318672 23 39 0
4298318685 53 99 76
4298318698 61 116 76
4298318711 94 142 76
4298318724 69 97 152
4298318737 22 38 0
4298318750 3 11 0
4298318763 6 18 0
4298318776 60 96 76
4298318789 76 117 0
4298318802 58 121 76
4298318815 89 106 0
4298318828 51 94 0
4298318841 5 8 0
4298318854 3 7 0
4298318867 40 65 0
4298318880 79 122 152
4298318893 72 131 76
4298318906 83 124 0
4298318919 46 89 0
4298318932 2 7 76
4298318945 16 33 0
4298318958 21 43 0
4298318971 27 41 0
4298318984 3 8 0
4298318997 0 0 0
4298319010 0 0 0
4298319023 0 0 0
4298319036 0 0 0
4298319049 0 0 0
4298319062 36 44 0
4298319075 86 146 76
4298319088 59 115 76
4298319101 75 141 0
4298319114 6 11 0
4298319127 3 16 0
4298319140 11 28 76
4298319153 58 109 0
4298319166 72 131 0
4298319179 60 105 76
4298319192 51 91 0
4298319205 35 59 0
4298319218 4 5 0
4298319231 15 21 0
4298319244 61 92 0
4298319257 51 87 152
4298319270 66 75 0
4298319283 61 101 76
4298319296 38 85 0
4298319309 64 94 76
4298319322 6 9 0
4298319335 2 5 0
4298319348 10 25 0
4298319361 25 57 0
4298319374 35 74 0
4298319387 47 103 0
4298319400 59 83 76
4298319413 42 83 0
4298319426 43 82 0
4298319439 26 48 0
4298319452 1 4 0
4298319465 9 18 0
4298319478 40 62 0
4298319491 41 73 0
4298319504 74 100 0
4298319517 62 95 0
4298319530 73 127 0
4298319543 42 86 0
4298319556 2 4 0
4298319569 3 10 0
4298319582 32 49 76
4298319595 31 60 76
4298319608 35 58 0
4298319621 60 118 76
4298319634 67 126 0
4298319647 55 115 0
4298319660 8 8 0
4298319673 3 12 0
4298319686 21 37 0
4298319699 44 99 76
4298319712 36 77 76
4298319725 47 86 0
4298319738 57 95 0
4298319751 41 67 0
4298319764 49 73 0
4298319777 0 1 0
4298319790 2 10 0
4298319803 0 2 0
4298319816 30 31 0
4298319829 45 87 0
4298319842 53 93 0
4298319855 76 105 76
4298319868 57 94 0
4298319881 54 96 0
4298319894 13 33 76
4298319907 13 10 0
4298319920 25 46 0
4298319933 76 94 152
4298319946 52 90 0
4298319959 71 132 0
4298319972 76 121 0
4298319985 46 66 0
4298319998 10 11 76
4298320011 6 11 0
4298320024 42 63 0
4298320037 73 125 0
4298320050 50 89 0
4298320063 54 114 76
4298320076 54 97 0
4298320089 22 41 76
4298320102 0 0 0
4298320115 15 27 76
4298320128 42 77 0
4298320141 35 71 76
4298320154 53 101 0
4298320167 65 125 0
4298320180 78 120 152
4298320193 29 54 76
4298320206 4 8 0
4298320219 11 17 0
4298320232 57 109 0
4298320245 80 123 152
4298320258 86 118 0
4298320271 57 114 0
4298320284 41 57 0
4298320297 22 21 0
4298320310 50 75 0
4298320323 63 129 153
4298320336 104 124 0
4298320349 76 134 0
4298320362 55 77 0
4298320375 5 7 0
4298320388 3 6 0
4298320401 26 41 0
4298320414 53 88 0
4298320427 81 128 152
4298320440 50 113 0
4298320453 71 96 76
4298320466 48 79 76
4298320479 4 2 0
4298320492 9 12 0
4298320505 41 53 0
4298320518 60 106 0
4298320531 86 119 0
4298320544 69 123 152
4298320557 47 97 0
4298320570 27 32 0
4298320583 1 6 0
4298320596 13 19 0
4298320609 31 60 76
4298320622 58 123 76
4298320635 60 111 76
4298320648 50 100 0
4298320661 57 108 76
4298320674 22 27 0
4298320687 17 25 0
4298320700 17 46 0
4298320713 49 67 0
4298320726 29 83 0
4298320739 67 113 0
4298320752 46 112 76
4298320765 54 93 0
4298320778 3 9 0
4298320791 15 22 76
4298320804 46 95 0
4298320817 58 103 0
4298320830 50 117 76
4298320843 83 122 0
4298320856 58 96 76
4298320869 3 8 0
4298320882 0 8 0
4298320895 28 39 0
4298320908 82 123 0
4298320921 58 104 228
4298320934 78 112 152
4298320947 66 114 76
4298320960 22 50 76
4298320973 2 6 0
4298320986 16 27 0
4298320999 52 98 76
4298321012 49 78 76
4298321025 67 127 76
4298321038 66 101 0
4298321051 69 101 305
4298321064 7 7 0
4298321077 1 4 0
4298321090 2 6 0
4298321103 44 87 76
4298321116 67 136 0
4298321129 52 104 76
4298321142 58 112 0
4298321155 83 104 76
4298321168 0 3 0
4298321181 8 14 0
4298321194 30 36 76
4298321207 35 87 0
4298321220 85 139 0
4298321233 55 95 76
4298321246 72 104 76
4298321259 41 53 0
4298321272 2 7 76
4298321285 24 55 0
4298321298 34 57 0
4298321311 68 100 0
4298321324 55 100 0
4298321337 66 111 0
4298321350 69 142 76
4298321363 18 22 0
4298321376 1 6 0
4298321389 5 20 0
4298321402 41 71 76
4298321415 88 109 0
4298321428 83 132 152
4298321441 69 98 0
4298321454 61 100 0
4298321467 4 11 76
4298321480 7 13 0
4298321493 31 65 0
4298321506 51 118 0
4298321519 63 117 76
4298321532 65 117 152
4298321545 47 109 0
4298321558 3 3 0
4298321571 1 4 0
4298321584 22 31 0
4298321597 38 76 0
4298321610 82 114 0
4298321623 69 117 0
4298321636 67 96 76
4298321649 69 113 76
4298321662 3 6 0
4298321675 13 20 0
4298321688 57 94 0
4298321701 70 136 0
4298321714 67 111 0
4298321727 59 115 0
4298321740 59 101 76
4298321753 0 4 0
4298321766 10 21 0
4298321779 25 49 76
4298321792 36 102 0
4298321805 52 102 76
4298321818 51 97 0
4298321831 66 127 0
4298321844 50 70 76
4298321857 0 3 0
4298321870 8 12 0
4298321883 25 44 0
4298321896 65 96 0
4298321909 66 117 0
4298321922 60 107 76
4298321935 62 124 76
4298321948 24 52 0
4298321961 4 11 0
4298321974 13 23 0
4298321987 67 109 76
4298322000 75 109 0
4298322013 59 110 76
4298322026 65 106 76
4298322039 55 94 76
4298322052 9 14 0
4298322065 10 21 0
4298322078 35 56 0
4298322091 73 112 0
4298322104 53 115 76
4298322117 68 108 0
4298322130 66 113 0
4298322143 20 35 0
4298322156 4 11 76
4298322169 32 47 0
4298322182 46 59 76
4298322195 56 113 152
4298322208 49 95 0
4298322221 52 113 76
4298322234 64 112 0
4298322247 2 10 0
4298322260 2 10 0
4298322273 16 27 0
4298322286 49 88 76
4298322299 50 97 0
4298322312 53 109 76
4298322325 84 147 0
4298322338 53 90 0
4298322351 0 6 0
4298322364 4 11 0
4298322377 31 66 76
4298322390 63 131 76
4298322403 43 100 76
4298322416 51 105 76
4298322429 55 111 0
4298322442 9 20 0
4298322455 3 6 0
4298322468 22 42 0
4298322481 64 108 0
4298322494 66 114 0
4298322507 70 104 152
4298322520 86 118 76
4298322533 59 70 0
4298322546 3 3 0
4298322559 5 5 0
4298322572 13 25 0
4298322585 44 85 0
4298322598 60 98 76
4298322611 50 105 228
4298322624 38 105 0
4298322637 61 92 76
4298322650 27 45 0
4298322663 2 3 0
4298322676 14 14 0
4298322689 36 90 76
4298322702 62 116 153
4298322715 46 112 0
4298322728 78 120 76
4298322741 61 115 152
4298322754 2 6 0
4298322767 4 12 0
4298322780 2 5 0
4298322793 7 15 0
4298322806 56 80 0
4298322819 66 138 0
4298322832 62 114 0
4298322845 67 116 76
4298322858 52 89 76
4298322871 9 10 0
4298322884 17 24 0
4298322897 28 52 76
4298322910 84 124 0
4298322923 67 119 0
4298322936 75 116 0
4298322949 57 111 0
4298322962 8 11 0
4298322975 8 10 0
4298322988 21 28 0
4298323001 33 63 0
4298323014 10 24 0
4298323027 47 115 0
4298323040 34 84 0
4298323053 65 109 0
4298323066 60 111 0
4298323079 5 11 0
4298323092 1 8 0
4298323105 10 17 0
4298323118 44 85 0
4298323131 77 119 76
4298323144 67 115 0
4298323157 66 123 0
4298323170 52 92 76
4298323183 2 6 0
4298323196 3 9 0
4298323209 8 18 0
4298323222 57 80 0
4298323235 68 117 76
4298323248 70 100 0
4298323261 49 102 76
4298323274 69 113 0
4298323287 13 30 0
4298323300 3 7 0
4298323313 38 51 0
4298323326 51 101 0
4298323339 77 125 0
4298323352 64 132 0
4298323365 64 121 0
4298323378 18 46 0
4298323391 0 2 0
4298323404 4 11 0
4298323417 32 60 0
4298323430 44 100 0
4298323443 74 121 76
4298323456 65 97 0
4298323469 56 103 0
4298323482 25 45 0
4298323495 1 1 0
4298323508 18 37 0
4298323521 80 119 76
4298323534 66 116 0
4298323547 66 134 0
4298323560 72 132 153
4298323573 21 56 76
4298323586 2 10 76
4298323599 4 12 0
4298323612 24 66 0
4298323625 91 138 76
4298323638 60 110 228
4298323651 70 107 0
4298323664 60 109 0
4298323677 12 20 0
4298323690 4 8 0
4298323703 7 11 0
4298323716 34 88 76
4298323729 67 137 0
4298323742 64 110 0
4298323755 56 104 76
4298323768 70 99 0
4298323781 4 11 0
4298323794 1 3 0
4298323807 7 18 0
4298323820 48 70 0
4298323833 60 122 76
4298323846 70 121 0
4298323859 63 111 76
4298323872 59 103 0
4298323885 9 18 0
4298323898 19 26 0
4298323911 54 109 0
4298323924 74 140 0
4298323937 66 105 0
4298323950 36 89 0
4298323963 53 83 76
4298323976 10 34 0
4298323989 5 7 76
4298324002 6 9 0
4298324015 43 57 0
4298324028 39 81 0
4298324041 61 100 76
4298324054 50 88 0
4298324067 45 82 152
4298324080 50 88 0
4298324093 31 51 0
4298324106 2 3 0
4298324119 2 7 0
4298324132 13 26 0
4298324145 37 80 76
4298324158 39 91 76
4298324171 56 88 76
4298324184 56 92 0
4298324197 69 96 0
4298324210 54 85 76
4298324223 12 17 0
4298324236 15 17 0
4298324249 24 39 0
4298324262 60 103 0
4298324275 74 98 0
4298324288 52 85 0
4298324301 70 115 0
4298324314 51 90 0
4298324327 0 6 0
4298324340 8 15 0
4298324353 28 61 0
4298324366 45 93 76
4298324379 60 91 0
4298324392 59 129 76
4298324405 47 94 0
4298324418 71 97 76
4298324431 1 6 0
4298324444 5 11 0
4298324457 23 51 0
4298324470 48 83 0
4298324483 52 107 0
4298324496 41 92 76
4298324509 57 102 76
4298324522 40 86 0
4298324535 25 41 0
4298324548 0 3 0
4298324561 8 17 0
4298324574 41 67 76
4298324587 56 106 0
4298324600 48 92 0
4298324613 83 115 0
4298324626 42 81 76
4298324639 56 86 76
4298324652 4 5 0
4298324665 1 4 0
4298324678 17 30 0
4298324691 37 82 0
4298324704 49 77 0
4298324717 62 97 0
4298324730 61 116 76
4298324743 51 101 0
4298324756 39 54 0
4298324769 6 14 0
4298324782 33 50 0
4298324795 63 118 0
4298324808 42 83 0
4298324821 65 108 76
4298324834 77 125 76
4298324847 44 63 153
4298324860 11 16 0
4298324873 4 10 0
4298324886 19 51 0
4298324899 65 114 76
4298324912 72 110 0
4298324925 67 133 76
4298324938 71 128 0
4298324951 5 13 0
4298324964 5 13 0
4298324977 19 31 152
4298324990 65 97 0
4298325003 78 120 0
4298325016 70 127 0
4298325029 35 78 0
4298325042 12 33 0
4298325055 47 76 76
4298325068 5 7 76
4298325081 12 29 0
4298325094 36 72 0
4298325107 52 89 0
4298325120 62 105 0
4298325133 73 107 76
4298325146 59 118 0
4298325159 38 53 0
4298325172 8 8 0
4298325185 11 25 0
4298325198 46 72 76
4298325211 62 97 0
4298325224 62 139 76
4298325237 71 133 152
4298325250 43 91 0
4298325263 12 10 0
4298325276 7 17 0
4298325289 31 46 0
4298325302 59 95 0
4298325315 57 95 152
4298325328 73 133 76
4298325341 61 107 0
4298325354 37 61 76
4298325367 1 3 0
4298325380 11 31 0
4298325393 74 115 0
4298325406 52 88 0
4298325419 73 122 76
4298325432 67 123 76
4298325445 36 72 76
4298325458 3 6 0
4298325471 4 10 0
4298325484 14 43 0
4298325497 99 117 0
4298325510 56 104 0
4298325523 57 126 0
4298325536 45 113 0
4298325549 10 39 76
4298325562 3 9 0
4298325575 37 73 0
4298325588 49 101 152
4298325601 85 105 76
4298325614 68 114 0
4298325627 80 144 0
4298325640 27 50 0
4298325653 6 18 0
4298325666 6 14 0
4298325679 30 38 0
4298325692 28 64 76
4298325705 46 104 0
4298325718 62 124 76
4298325731 48 98 152
4298325744 59 113 76
4298325757 13 38 0
4298325770 2 4 0
4298325783 3 8 0
4298325796 7 9 0
4298325809 27 50 76
4298325822 75 137 152
4298325835 67 127 0
4298325848 75 125 0
4298325861 60 110 0
4298325874 8 13 0
4298325887 4 16 0
4298325900 48 99 0
4298325913 57 130 0
4298325926 56 120 76
4298325939 92 143 76
4298325952 23 37 0
4298325965 1 3 0
4298325978 23 34 0
4298325991 36 100 76
4298326004 40 74 0
4298326017 18 37 76
4298326030 48 76 76
4298326043 64 108 0
4298326056 59 117 229
4298326069 9 10 0
4298326082 7 8 0
4298326095 26 35 76
4298326108 47 74 76
4298326121 67 127 0
4298326134 69 112 0
4298326147 45 108 76
4298326160 45 81 76
4298326173 18 17 0
4298326186 2 8 0
4298326199 6 11 0
4298326212 34 65 152
4298326225 52 109 0
4298326238 55 102 0
4298326251 75 114 76
4298326264 41 96 152
4298326277 33 51 76
4298326290 6 8 0
4298326303 0 16 0
4298326316 37 61 0
4298326329 50 75 0
4298326342 64 121 0
4298326355 67 113 76
4298326368 51 119 76
4298326381 40 57 0
4298326394 2 6 0
4298326407 3 16 0
4298326420 49 98 76
4298326433 54 118 76
4298326446 35 95 76
4298326459 66 103 76
4298326472 68 110 0
4298326485 11 16 76
4298326498 6 7 0
4298326511 16 37 76
4298326524 74 108 0
4298326537 49 99 76
4298326550 77 108 0
4298326563 53 80 0
4298326576 75 113 152
4298326589 12 23 0
4298326602 4 9 0
4298326615 23 33 0
4298326628 48 104 0
4298326641 34 114 0
4298326654 56 123 0
4298326667 79 126 0
4298326680 44 60 0
4298326693 6 6 0
4298326706 6 11 0
4298326719 42 61 76
4298326732 61 108 76
4298326745 83 144 76
4298326758 67 121 0
4298326771 49 92 76
4298326784 11 17 0
4298326797 12 16 0
4298326810 8 27 0
4298326823 69 116 0
4298326836 61 120 76
4298326849 61 112 0
4298326862 63 130 76
4298326875 12 36 0
4298326888 10 14 0
4298326901 5 8 0
4298326914 23 50 0
4298326927 42 110 76
4298326940 69 113 0
4298326953 69 114 76
4298326966 66 131 153
4298326979 18 36 0
4298326992 13 15 76
4298327005 31 70 0
4298327018 84 124 0
4298327031 70 122 0
4298327044 59 109 0
4298327057 59 116 0
4298327070 2 23 0
4298327083 9 16 0
4298327096 8 21 0
4298327109 11 15 0
4298327122 11 18 0
4298327135 40 95 0
4298327148 61 128 0
4298327161 75 114 76
4298327174 61 117 76
4298327187 12 38 0
4298327200 9 9 0
4298327213 3 9 0
4298327226 20 49 76
4298327239 47 87 0
4298327252 52 94 76
4298327265 80 111 0
4298327278 49 96 0
4298327291 43 79 152
4298327304 4 6 0
4298327317 7 19 0
4298327330 38 92 76
4298327343 59 106 76
4298327356 61 107 0
4298327369 40 84 0
4298327382 62 104 0
4298327395 16 20 0
4298327408 1 3 0
4298327421 30 57 0
4298327434 55 96 76
4298327447 53 103 0
4298327460 65 116 0
4298327473 62 102 0
4298327487 42 64 71
4298327500 11 15 0
4298327513 51 87 0
4298327526 40 73 0
4298327539 73 108 76
4298327552 61 114 0
4298327565 46 109 0
4298327578 25 53 0
4298327591 4 6 0
4298327604 10 11 0
4298327617 15 25 76
4298327630 31 60 0
4298327643 65 141 153
4298327656 84 115 76
4298327669 63 115 76
4298327682 48 72 0
4298327695 1 9 0
4298327708 14 8 0
4298327721 11 16 0
4298327734 40 69 0
4298327747 67 124 0
4298327760 34 89 76
4298327773 80 107 0
4298327786 60 92 152
4298327799 4 10 0
4298327812 3 12 76
4298327825 5 16 0
4298327838 33 67 76
4298327851 37 83 0
4298327864 58 114 0
4298327877 45 103 0
4298327890 58 103 0
4298327903 25 34 0
4298327916 55 106 0
4298327929 84 126 0
4298327942 78 117 0
4298327955 52 121 0
4298327968 17 41 0
4298327981 25 32 0
4298327994 64 113 0
4298328007 71 134 228
4298328020 74 126 0
4298328033 73 110 76
4298328046 24 42 0
4298328059 3 12 0
4298328072 22 34 0
4298328085 59 110 76
4298328098 34 78 0
4298328111 72 121 76
4298328124 71 117 0
4298328137 24 50 0
4298328150 1 2 0
4298328163 9 23 0
4298328176 13 27 0
4298328189 61 93 0
4298328202 84 132 228
4298328215 66 138 0
4298328228 65 105 76
4298328241 5 7 0
4298328254 6 11 0
4298328267 15 32 0
4298328280 40 110 152
4298328293 42 93 0
4298328306 46 107 0
4298328319 58 104 0
4298328332 40 75 76
4298328345 6 8 0
4298328358 10 18 0
4298328371 42 66 76
4298328384 70 118 0
4298328397 49 112 0
4298328410 68 129 0
4298328423 54 90 76
4298328436 1 7 0
4298328449 2 3 0
4298328462 16 41 0
4298328475 50 99 0
4298328488 51 101 0
4298328501 60 113 0
4298328514 73 116 0
4298328527 30 60 0
4298328540 3 7 0
4298328553 6 5 0
4298328566 33 72 0
4298328579 46 121 0
4298328592 83 120 0
4298328605 59 122 0
4298328618 58 105 0
4298328631 1 6 0
4298328644 4 6 0
4298328657 16 32 0
4298328670 68 113 76
4298328683 58 116 0
4298328696 63 127 152
4298328709 81 143 76
4298328722 12 13 0
4298328735 7 8 0
4298328748 22 35 0
4298328761 75 111 0
4298328774 73 116 153
4298328787 60 111 76
4298328800 49 92 0
4298328813 25 63 0
4298328826 2 1 0
4298328839 0 0 0
4298328852 4 9 0
4298328865 10 12 0
4298328878 37 58 76
4298328891 25 75 0
4298328904 39 80 76
4298328917 57 80 0
4298328930 59 104 0
4298328943 46 100 0
4298328956 17 29 0
4298328969 8 14 0
4298328982 22 43 0
4298328995 49 86 0
4298329008 42 91 0
4298329021 50 91 0
4298329034 66 91 153
4298329047 54 101 229
4298329060 59 96 0
4298329073 74 116 0
4298329086 22 30 0
4298329099 35 58 153
4298329112 48 78 76
4298329125 64 100 0
4298329138 50 92 76
4298329151 64 110 76
4298329164 66 103 76
4298329177 60 110 152
4298329190 54 85 76
4298329203 48 91 0
4298329216 66 94 0
4298329229 87 113 76
4298329242 62 96 152
4298329255 57 83 0
4298329268 78 107 152
4298329281 64 92 0
4298329294 84 111 76
4298329307 48 86 0
4298329320 46 70 0
4298329333 72 87 76
4298329346 46 54 76
4298329359 50 74 0
4298329372 74 93 76
4298329385 33 67 0
4298329398 46 59 0
4298329411 50 77 0
4298329424 44 78 0
4298329437 21 52 0
4298329450 61 72 0
4298329463 43 71 0
4298329476 61 76 0
4298329489 68 65 76
4298329502 70 94 153
4298329515 61 92 382
4298329528 76 96 381
4298329541 75 77 0
4298329554 53 69 0
4298329567 66 68 76
4298329580 107 105 153
4298329593 55 66 0
4298329606 94 100 229
4298329619 49 69 76
4298329632 69 77 76
4298329645 68 87 0
4298329658 53 72 228
4298329671 83 99 153
4298329684 53 70 76
4298329697 76 81 0
4298329710 69 81 0
4298329723 56 69 0
4298329736 82 71 76
4298329749 75 88 0
4298329762 56 59 0
4298329775 56 74 0
4298329788 44 63 0
4298329801 47 66 0
4298329814 42 39 76
4298329827 58 46 0
4298329840 47 46 76
4298329853 86 70 76
4298329866 53 49 0
4298329879 42 33 76
4298329892 20 34 0
4298329905 27 31 0
4298329918 49 37 0
4298329931 69 53 0
4298329944 58 63 0
4298329957 38 46 0
4298329970 85 54 0
4298329983 57 48 76
4298329996 78 63 0
4298330009 39 46 0
4298330022 49 57 76
4298330035 112 89 306
4298330048 41 38 0
4298330061 35 41 0
4298330074 50 46 0
4298330087 53 58 0
4298330100 46 43 0
4298330113 49 40 76
4298330126 76 49 0
4298330139 53 39 0
4298330152 87 56 0
4298330165 60 43 0
4298330178 66 49 0
4298330191 52 63 0
4298330204 75 55 76
4298330217 41 27 76
4298330230 32 24 0
4298330243 14 19 0
4298330256 50 27 0
4298330269 54 31 0
4298330282 37 20 0
4298330295 34 24 0
4298330308 17 13 0
4298330321 21 22 0
4298330334 21 25 0
4298330347 42 35 0
4298330360 35 28 0
4298330373 36 32 0
4298330386 49 30 0
4298330399 46 26 76
4298330412 30 28 0
4298330425 25 26 0
4298330438 38 28 0
4298330451 62 34 153
4298330464 87 43 383
4298330477 20 23 0
4298330490 50 29 76
4298330503 33 22 0
4298330516 34 19 0
4298330529 28 17 0
4298330542 38 37 0
4298330555 2 3 0
4298330568 0 0 0
4298330581 0 0 0
4298330594 0 0 0
4298330607 0 0 0
4298330620 0 0 0
4298330633 0 0 0
4298330646 0 0 0
4298330659 0 0 0
4298330672 0 0 0
4298330685 0 0 0
4298330698 0 0 0
4298330711 0 0 0
4298330724 0 0 0
4298330737 0 0 0
4298330750 0 0 0
4298330763 0 0 0
4298330776 0 0 0
4298330789 0 0 0
4298330802 54 17 153
4298330815 26 16 230
read 4076 profiled data
