4298108670 29094 0 624
4298108683 0 0 0
4298108696 0 0 0
4298108709 0 0 0
4298108722 0 0 0
4298108735 0 0 0
4298108748 0 0 0
4298108761 0 0 0
4298108774 0 0 0
4298108787 0 0 0
4298108800 0 0 0
4298108813 0 0 0
4298108826 0 0 0
4298108839 0 0 0
4298108852 0 0 0
4298108865 0 0 0
4298108878 0 0 0
4298108891 0 0 0
4298108904 0 0 0
4298108917 449 0 76
4298108930 21823 0 690
4298108943 0 0 0
4298108956 0 0 0
4298108969 0 0 0
4298108982 0 0 0
4298108995 0 0 0
4298109008 0 0 0
4298109021 0 0 0
4298109034 0 0 0
4298109047 0 0 0
4298109060 0 0 0
4298109073 0 0 0
4298109086 0 0 0
4298109099 0 0 0
4298109112 0 0 0
4298109125 0 0 0
4298109138 0 0 0
4298109151 0 0 0
4298109164 0 0 0
4298109177 5727 0 229
4298109190 12414 0 382
4298109203 0 0 0
4298109216 0 0 0
4298109229 0 0 0
4298109242 0 0 0
4298109255 0 0 0
4298109268 0 0 0
4298109281 0 0 0
4298109294 0 0 0
4298109307 0 0 0
4298109320 0 0 0
4298109333 0 0 0
4298109346 0 0 0
4298109359 0 0 0
4298109372 0 0 0
4298109385 0 0 0
4298109398 0 0 0
4298109411 0 0 0
4298109424 0 0 0
4298109437 15165 0 459
4298109450 0 0 0
4298109463 0 0 0
4298109476 0 0 0
4298109489 0 0 0
4298109502 0 0 0
4298109515 0 0 0
4298109528 0 0 0
4298109541 0 0 0
4298109554 0 0 0
4298109567 0 0 0
4298109580 0 0 0
4298109593 0 0 0
4298109606 0 0 0
4298109619 0 0 0
4298109632 0 0 0
4298109645 0 0 0
4298109658 0 0 0
4298109671 0 0 0
4298109684 3472 0 153
4298109697 8828 0 306
4298109710 0 0 0
4298109723 0 0 0
4298109736 0 0 0
4298109749 0 0 0
4298109762 0 0 0
4298109775 0 0 0
4298109788 0 0 0
4298109801 0 0 0
4298109814 0 0 0
4298109827 0 0 0
4298109840 0 0 0
4298109853 0 0 0
4298109866 0 0 0
4298109879 0 0 0
4298109892 0 0 0
4298109905 0 0 0
4298109918 0 0 0
4298109931 0 0 0
4298109944 9704 0 305
4298109957 610 0 0
4298109970 0 0 0
4298109983 0 0 0
4298109996 0 0 0
4298110009 0 0 0
4298110022 0 0 0
4298110035 0 0 0
4298110048 0 0 0
4298110061 0 0 0
4298110074 0 0 0
4298110087 0 0 0
4298110100 0 0 0
4298110113 0 0 0
4298110126 0 0 0
4298110139 0 0 0
4298110152 0 0 0
4298110165 0 0 0
4298110178 0 0 0
4298110191 2807 0 153
4298110204 5614 0 152
4298110217 0 0 0
4298110230 0 0 0
4298110243 0 0 0
4298110256 0 0 0
4298110269 0 0 0
4298110282 0 0 0
4298110295 0 0 0
4298110308 0 0 0
4298110321 0 0 0
4298110334 0 0 0
4298110347 0 0 0
4298110360 0 0 0
4298110373 0 0 0
4298110386 0 0 0
4298110399 0 0 0
4298110412 0 0 0
4298110425 0 0 0
4298110438 1435 0 76
4298110451 5510 0 229
4298110464 0 0 0
4298110477 0 0 0
4298110490 0 0 0
4298110503 0 0 0
4298110516 0 0 0
4298110529 0 0 0
4298110542 0 0 0
4298110555 0 0 0
4298110568 0 0 0
4298110581 0 0 0
4298110594 0 0 0
4298110607 0 0 0
4298110620 0 0 0
4298110633 0 0 0
4298110646 0 0 0
4298110659 0 0 0
4298110672 0 0 0
4298110685 0 0 0
4298110698 1874 0 76
4298110711 3748 0 152
4298110724 0 0 0
4298110737 0 0 0
4298110750 0 0 0
4298110763 0 0 0
4298110776 0 0 0
4298110789 0 0 0
4298110802 0 0 0
4298110815 0 0 0
4298110828 0 0 0
4298110841 0 0 0
4298110854 0 0 0
4298110867 0 0 0
4298110880 0 0 0
4298110893 0 0 0
4298110906 0 0 0
4298110919 0 0 0
4298110932 0 0 0
4298110945 1602 0 76
4298110958 3204 0 152
4298110971 0 0 0
4298110984 0 0 0
4298110997 0 0 0
4298111010 0 0 0
4298111023 0 0 0
4298111036 0 0 0
4298111049 0 0 0
4298111062 0 0 0
4298111075 0 0 0
4298111088 0 0 0
4298111101 0 0 0
4298111114 0 0 0
4298111127 0 0 0
4298111140 0 0 0
4298111153 0 0 0
4298111166 0 0 0
4298111179 0 0 0
4298111192 1252 0 76
4298111205 2504 0 152
4298111218 0 0 0
4298111231 0 0 0
4298111244 0 0 0
4298111257 0 0 0
4298111270 0 0 0
4298111283 0 0 0
4298111296 0 0 0
4298111309 0 0 0
4298111322 0 0 0
4298111335 0 0 0
4298111348 0 0 0
4298111361 0 0 0
4298111374 0 0 0
4298111387 0 0 0
4298111400 0 0 0
4298111413 0 0 0
4298111426 0 0 0
4298111439 0 0 0
4298111452 1605 0 152
4298111465 1341 0 76
4298111478 0 0 0
4298111491 0 0 0
4298111504 0 0 0
4298111517 0 0 0
4298111530 0 0 0
4298111543 0 0 0
4298111556 0 0 0
4298111569 0 0 0
4298111582 0 0 0
4298111595 0 0 0
4298111608 0 0 0
4298111621 0 0 0
4298111634 0 0 0
4298111647 0 0 0
4298111660 0 0 0
4298111673 0 0 0
4298111686 0 0 0
4298111699 897 0 0
4298111712 1794 0 0
4298111725 0 0 0
4298111738 0 0 0
4298111751 0 0 0
4298111764 0 0 0
4298111777 0 0 0
4298111790 0 0 0
4298111803 0 0 0
4298111816 0 0 0
4298111829 0 0 0
4298111842 0 0 0
4298111855 0 0 0
4298111868 0 0 0
4298111881 0 0 0
4298111894 0 0 0
4298111907 0 0 0
4298111920 0 0 0
4298111933 0 0 0
4298111946 721 0 76
4298111959 1442 0 152
4298111972 0 0 0
4298111985 0 0 0
4298111998 0 0 0
4298112011 0 0 0
4298112024 0 0 0
4298112037 0 0 0
4298112050 0 0 0
4298112063 0 0 0
4298112076 0 0 0
4298112089 0 0 0
4298112102 0 0 0
4298112115 0 0 0
4298112128 0 0 0
4298112141 0 0 0
4298112154 0 0 0
4298112167 0 0 0
4298112180 0 0 0
4298112193 0 0 0
4298112206 1863 0 0
4298112219 0 0 0
4298112232 0 0 0
4298112245 0 0 0
4298112258 0 0 0
4298112271 0 0 0
4298112284 0 0 0
4298112297 0 0 0
4298112310 0 0 0
4298112323 0 0 0
4298112336 0 0 0
4298112349 0 0 0
4298112362 0 0 0
4298112375 0 0 0
4298112388 0 0 0
4298112401 0 0 0
4298112414 0 0 0
4298112427 0 0 0
4298112440 0 0 0
4298112453 481 0 76
4298112466 962 0 76
4298112479 0 0 0
4298112492 0 0 0
4298112505 0 0 0
4298112518 0 0 0
4298112531 0 0 0
4298112544 0 0 0
4298112557 0 0 0
4298112570 0 0 0
4298112583 0 0 0
4298112596 0 0 0
4298112609 0 0 0
4298112622 0 0 0
4298112635 0 0 0
4298112648 0 0 0
4298112661 0 0 0
4298112674 0 0 0
4298112687 0 0 0
4298112700 398 0 0
4298112713 796 0 152
4298112726 0 0 0
4298112739 0 0 0
4298112752 0 0 0
4298112765 0 0 0
4298112778 0 0 0
4298112791 0 0 0
4298112804 0 0 0
4298112817 0 0 0
4298112830 0 0 0
4298112843 0 0 0
4298112856 0 0 0
4298112869 0 0 0
4298112882 0 0 0
4298112895 0 0 0
4298112908 0 0 0
4298112921 0 0 0
4298112934 0 0 0
4298112947 347 0 76
4298112960 694 0 0
4298112973 0 0 0
4298112986 0 0 0
4298112999 0 0 0
4298113012 0 0 0
4298113025 0 0 0
4298113038 0 0 0
4298113051 0 0 0
4298113064 0 0 0
4298113077 0 0 0
4298113090 0 0 0
4298113103 0 0 0
4298113116 0 0 0
4298113129 0 0 0
4298113142 0 0 0
4298113155 0 0 0
4298113168 0 0 0
4298113181 0 0 0
4298113194 0 0 0
4298113207 747 0 0
4298113220 0 0 0
4298113233 0 0 0
4298113246 0 0 0
4298113259 0 0 0
4298113272 0 0 0
4298113285 0 0 0
4298113298 0 0 0
4298113311 0 0 0
4298113324 0 0 0
4298113337 0 0 0
4298113350 0 0 0
4298113363 0 0 0
4298113376 0 0 0
4298113389 0 0 0
4298113402 0 0 0
4298113415 0 0 0
4298113428 0 0 0
4298113441 0 0 0
4298113454 237 0 76
4298113467 474 0 76
4298113480 0 0 0
4298113493 0 0 0
4298113506 0 0 0
4298113519 0 0 0
4298113532 0 0 0
4298113545 0 0 0
4298113558 0 0 0
4298113571 0 0 0
4298113584 0 0 0
4298113597 0 0 0
4298113610 0 0 0
4298113623 0 0 0
4298113636 0 0 0
4298113649 0 0 0
4298113662 0 0 0
4298113675 0 0 0
4298113688 0 0 0
4298113701 0 0 0
read 388 profiled data
